20241114223008.3 24.2688 98.1862 3.3 1
20241114202110.3 24.2807 98.1552 10.3 0.9
20241114095239.9 24.2468 98.081 0.5 0.7
20241114153423.1 24.2413 98.0743 10.5 0.8
20241114115155.2 24.2683 98.064 4.1 0.5
20241114144919.6 24.2673 98.0715 0.5 0.2
20241114185939.7 24.2653 98.0775 0.8 0
20241114194012.9 24.2973 98.0877 2.3 0.1
20241114075948.3 24.31 98.0983 11.4 1.6
20241114111025.1 24.2747 98.0635 0.3 0.1
20241114132424.7 24.284 98.1132 1.3 -0.1
20241115152238.5 24.2737 98.0898 6.5 1.5
20241115190652.3 24.2807 98.0902 4.4 0.7
20241115200831.2 24.3448 98.0677 2.6 0.6
20241115055020.1 24.2702 98.0915 6.8 1.9
20241115152257.2 24.2755 98.0943 0.7 0.7
20241115071721.9 24.2805 98.0692 4.6 1
20241115163719.6 24.2908 98.0887 7 0.4
20241115054454 24.2885 98.0922 3.5 0.7
20241115011016.6 24.2662 98.0838 7.7 3.3
20241115011313.3 24.2693 98.0825 7.4 1
20241115011427.5 24.2672 98.0938 6.2 1
20241115091431 24.3538 98.2647 19.1 1
20241115104805.8 24.2898 98.0925 0.7 0.5
20241115045754.2 24.3062 98.021 16.6 0.7
20241115030451.4 24.2705 98.0962 7.3 0.8
20241115031402 24.2835 98.1018 4.8 0.7
20241115094908.2 24.2977 98.0662 0.7 0.6
20241115164046.1 24.2955 98.072 4 0.1
20241115003250.8 24.2692 98.0837 7.5 0.6
20241115043917.6 24.2182 98.1085 17.1 0.4
20241115051049 24.2975 98.0767 0.8 0.6
20241115224138.6 24.2542 98.0557 2.4 0
20241115221915.3 24.2485 98.0715 2 0.1
20241115080334.4 24.2415 98.1057 -0.3 1.5
20241115080417.5 24.2958 97.9842 19.7 0.9
20241115132133.6 24.3703 98.1658 5.8 0
20241115055128 24.3118 98.0652 -0.6 1.1
20241115153637.4 24.2965 97.9727 18.2 0.5
20241115212728.6 24.3167 98.0608 2.2 -0.1
20241115070526.1 24.3568 97.9093 19.4 0.8
20241115153836 24.323 98.1238 8.2 0.1
20241115234301 24.4022 98.2227 8.7 0.8
20241115221334 24.458 98.1532 29.3 -0.5
20241115230532.5 24.3557 98.0972 9.1 0.5
20241115024618.2 24.4668 98.0465 21.8 0.6
20241115234352.1 24.4378 98.073 4.9 0.1
20241115011803.7 24.3137 98.0623 2.9 0.3
20241115024931.9 24.2008 97.9343 11 2.5
20241115104805.7 24.2733 98.0953 0.7 0.5
20241116184657.9 24.2865 98.0977 6.7 1.1
20241116194406.6 24.3052 98.0947 4.6 0.3
20241116214552 24.3305 98.0998 4.5 0.6
20241116192523.2 24.3935 97.9907 0.8 0.6
20241116070223.7 24.28 98.0832 5.2 0.9
20241116101941.5 24.308 98.0678 7.3 1.1
20241116143157.1 24.3427 98.0957 8.3 0.7
20241116191743.5 24.281 98.098 7.5 0.4
20241116075552.4 24.3622 98.1417 0.8 0.5
20241116173814.7 24.3142 98.1115 2.8 0.2
20241116214859.5 24.3317 98.1013 4.2 0.1
20241116151521.9 24.2925 98.103 3.1 0
20241116023307.7 24.3512 98.1815 5.1 0.6
20241116080935 24.271 98.1635 6.5 0.6
20241116155303.2 24.291 98.0837 0.5 -0.1
20241116164016.4 24.2952 98.0872 0.5 0.1
20241116065259 24.2818 98.1177 2.4 0.5
20241116120721.8 24.2863 98.0592 0.7 0.2
20241116123116.6 24.3178 98.0513 15.3 0.1
20241116190404.4 24.3005 98.073 0.1 -0.1
20241116093830.1 24.3065 98.1753 1.9 0.5
20241116151109.7 24.4737 98.171 12.1 0
20241116170736.2 24.2728 98.0978 0.5 0.1
20241116075706 24.3253 98.1323 -0.4 0.6
20241116174746.1 24.317 98.0972 1.5 -0.3
20241116060733.9 24.288 98.1868 3.8 1.1
20241116230053.8 24.346 97.9163 16.9 0.1
20241116034059.8 24.4205 97.8805 17.2 2.4
20241116035252 24.2842 98.0533 0.1 1.1
20241116045313.6 24.2902 98.2273 7 0
20241116060842.1 24.385 98.2613 27.1 0.3
20241116074344.8 24.062 97.8498 40.1 0.4
20241116080858.2 24.5708 98.0887 9.5 1
20241116105031.8 24.2563 98.1332 -0.7 0.4
20241116161930 24.2698 98.084 0.1 -0.2
20241116000002.1 24.5193 98.0628 18 0
20241116014032.6 24.2528 98.0398 1.3 0.9
20241116052341.9 24.1265 98.118 4 2
20241116053535.8 24.3023 98.0963 0.6 0.1
20241116055150.2 24.3415 97.7513 17.9 1.3
20241116063950.3 24.346 98.1597 20.2 2.1
20241116084029.8 24.1865 98.1717 3.1 2.3
20241116090648.2 24.3153 98.113 23.8 2.4
20241116162329.4 24.379 97.5422 35.6 -0.1
20241116163716.7 24.3057 98.1062 0.9 0.1
20241116054117.6 24.3117 98.0262 1 0.6
20241116054632.4 24.1917 98.12 7.4 0.6
20241116064516.1 24.104 97.824 41.2 1.5
20241116101138 24.2343 98.127 0.1 1.3
20241116102059.5 24.2598 98.1167 0.8 1.9
20241116102622.5 24.3318 98.1258 -0.4 0.4
20241116113341.2 24.2695 98.1767 5.1 1.5
20241116121121.6 24.3028 98.0495 -0.4 0.8
20241116131105.3 24.2777 98.1397 13.2 0.5
20241116010449.5 24.2682 98.0372 6.2 0.9
20241116012545.9 24.336 98.1592 0.8 1.5
20241116062822.5 24.4698 97.9578 29 1
20241116093336.8 24.0277 97.93 25.4 2.1
20241116093445.2 24.3865 98.1462 16.8 1.1
20241116093540.6 24.1552 97.9857 10.9 1.4
20241116143805.2 24.3742 98.029 6.6 2.1
20241116193507.1 24.3707 98.0545 2.6 -0.2
20241116004426.4 24.5068 97.9227 43 0.3
20241116053845.8 24.3605 98.568 34 0.7
20241116061817.8 24.299 98.2933 38.2 3.1
20241116112044.2 24.2657 98.1615 0.1 1.5
20241116002007.4 24.2937 98.1458 0.8 1.9
20241116013202.6 24.193 98.02 20.4 0.6
20241116014120.6 24.1995 98.1438 14.5 0.2
20241116040622.4 24.1317 97.821 24.8 1.4
20241116115548.4 24.1143 98.0753 6.1 2.1
20241116163933.3 24.2467 98.139 0.6 0.7
20241116193616.1 24.4527 98.052 13 -0.2
20241116225108 24.2318 98.0337 7.5 0.9
20241116103837 24.3692 98.211 17 1.4
20241116123427.1 24.3343 98.153 3.9 0.4
20241116130555.3 23.9878 97.837 13.1 0.9
20241116214453.5 24.3032 98.239 32 0.4
20241116030113.4 24.2845 97.9853 19.4 1.4
20241116090555.5 24.2092 97.9112 33 1
20241116112310.7 24.2395 98.1195 1.8 1.9
20241117044300 24.2783 98.093 6.6 1.3
20241117182530.4 24.2787 98.0963 4.2 0.9
20241117045248.5 24.2897 98.0757 5.1 1.3
20241117175026.8 24.2782 98.0952 4.5 0.7
20241117162253.6 24.2968 98.0988 6.3 0.6
20241117001604.4 24.3343 98.1683 5.2 1.2
20241117070349.6 24.2757 98.0938 2.7 0.9
20241117201421.2 24.2768 98.0982 4.7 0.3
20241117044151.8 24.2933 98.1015 1.7 0.5
20241117222707.5 24.2752 98.0758 4.3 0.3
20241117010847.6 24.29 98.0755 1 0.7
20241117070707 24.3012 98.0892 2.8 0.7
20241117223501.4 24.2873 98.0692 2.9 0.2
20241117165403.7 24.1083 98.1122 9 0.4
20241117114842.7 24.3038 98.094 4.6 0.1
20241117120605.2 24.2785 98.0742 2.2 0
20241117141255.1 24.289 98.1097 0.8 0.2
20241117131654.4 24.2712 98.0868 0.7 0.1
20241117002104.1 24.2648 98.081 0.8 0.4
20241117165245.4 24.2568 98.1625 2.1 -0.2
20241117002511.2 24.2408 98.0712 13.1 0.4
20241117102337.9 24.3117 98.1698 5.4 0.5
20241117035244.1 24.281 98.0907 2.8 0.5
20241117222754.5 24.2757 98.081 0.7 0
20241117040125.8 24.3022 98.119 13.2 0.7
20241117051633.6 24.247 98.135 0.6 1.7
20241117073911.6 24.4472 98.2518 48.9 0.7
20241117091618.9 24.1628 97.977 9.7 0.6
20241117091845.8 24.2235 98.2077 10.4 0.9
20241117002920.7 24.3117 98.0747 1.8 0.4
20241117084848.1 24.3052 98.1215 -0.1 0.5
20241117231844.3 24.3503 98.1158 1.9 -0.1
20241117064917.1 24.4467 98.2927 27.3 2.1
20241117070217.5 24.1192 98.1728 43.5 2
20241117180151.4 24.224 98.0225 16.3 0
20241117193430.3 24.298 98.1645 1.8 -0.1
20241117034409.2 24.3393 98.1732 0.7 0.7
20241117041214.1 24.3153 98.036 8.8 1.6
20241117062639.7 24.358 98.1572 10 1.2
20241117103342 24.4008 97.9895 15.7 1.2
20241117104328.5 24.395 98.2468 29.4 1.5
20241117152326.1 24.285 98.0938 1.5 0.1
20241117232232.5 24.2433 97.9343 14.1 -0.2
20241117002236.5 24.3333 98.1497 -0.1 0.2
20241117024910.9 24.2483 98.084 15 0.9
20241117025252.4 24.313 98.07 17 0.8
20241117092006 23.789 97.9318 28.3 0.7
20241117104017 24.2662 98.2673 20.5 1.8
20241117115921 24.1798 98.1722 22.5 0.5
20241117161851.2 24.2993 98.3005 12.2 0
20241117035141.2 24.3097 98.1398 4.3 0.7
20241117043000.8 24.411 98.349 32.3 1.6
20241117043310.1 24.2705 97.9863 32.1 0.7
20241117070117.7 24.2668 98.0943 -0.3 0.9
20241117070757.6 24.1562 98.1005 6.2 1.2
20241117083447.8 24.2943 98.111 0.8 1.7
20241117102245.5 24.29 98.2152 15.3 1.8
20241117130207.2 24.3758 98.2867 13.8 0.8
20241117212905.8 24.3107 98.0705 -0.3 -0.2
20241117033425.7 24.3508 98.0347 9.3 1.4
20241117054652.6 24.2822 98.0823 6.3 0.8
20241117055427.3 24.3317 98.1748 25 1.4
20241117092150.2 24.3827 98.1877 3.7 1.5
20241117104758.2 24.2877 98.1072 -0.3 1
20241117110147.8 24.2948 98.0605 5.4 2.5
20241117141418.7 24.3188 98.1612 0.8 -0.2
20241117151709.9 24.2687 98.0762 0.9 -0.1
20241117233545 24.2148 98.0478 9.8 2.1
20241117022344.4 24.294 98.0845 1.8 1
20241117043723.2 24.29 97.989 16.7 1
20241117055615.7 24.2993 98.1632 15.4 1.4
20241117060949.6 24.2072 98.3157 39.9 0.7
20241117112819.1 24.3177 98.0573 18 1.6
20241117122211.2 24.2908 98.07 0.2 0.5
20241117123313.5 24.2513 97.959 9 0.8
20241117154723.6 24.3342 98.1508 14.7 0.1
20241117212843.9 24.2287 98.1793 3.8 -0.2
20241117060731 24.2985 98.3158 41 0.7
20241117131139.4 24.2662 98.0742 2.2 0.7
20241117175536.3 24.2808 98.0842 0.8 -0.3
20241117004036.2 24.3502 98.1443 26 1.2
20241117021848.7 24.3368 98.1227 9.2 1.1
20241117025943.1 24.3282 98.1302 0.6 1
20241117051231.8 24.2342 98.0392 0.6 1
20241117055756.8 24.266 98.0873 22.7 1.4
20241117062812.2 23.9938 97.7662 20.2 1.2
20241117152450.7 24.265 97.9942 11.6 2.3
20241117184844.8 24.3293 97.9722 3.7 0
20241117232434.5 24.2442 98.0825 -0.3 -0.1
20241117235644.6 24.1938 98.1237 15.7 0.7
20241117052107 24.1823 98.1077 7.1 1.4
20241117141012.5 24.2017 98.1688 11 0.1
20241117145506.1 24.3415 98.2608 6.7 1.5
20241117210735.8 24.2983 98.0885 3.5 -0.1
20241117223139.9 24.1862 98.4997 21.2 0.5
20241117034840.1 24.2745 98.0918 4.2 1.1
20241117042450.7 24.2985 98.0982 13.8 1.7
20241117050928.4 24.2527 98.0712 4.2 0.6
20241117115458.4 24.358 98.158 10.5 0.4
20241118163746.3 24.2745 98.0957 2.5 1.1
20241118173737.3 24.2952 98.0988 6.4 1.1
20241118053926.2 24.273 98.081 4.2 1.9
20241118015755.1 24.2725 98.0977 4.7 1.5
20241118224000.4 24.2923 98.1157 4.5 0.5
20241118142630.7 24.2778 98.0768 5.2 0.9
20241118115600.1 24.3143 98.089 7.6 1.1
20241118132729 24.2725 98.1025 5.6 0.5
20241118181932.7 24.2833 98.0832 4.3 0.2
20241118182421.4 24.2195 97.9723 7.6 0.6
20241118062805.5 24.3945 98.002 19 1.2
20241118021929.2 24.2312 98.3297 12.8 1.4
20241118155105.6 24.2735 98.1012 5.2 0.2
20241118160235 24.3022 98.0852 2.4 0.2
20241118181653.8 24.2717 98.0893 1 0.1
20241118162839.9 24.3007 98.11 3.3 0
20241118131936.8 24.3142 98.0855 0.7 0.4
20241118215515.7 24.298 98.1035 2.1 0
20241118193218.4 24.2737 98.1015 0.6 -0.3
20241118142658.1 24.2768 98.0577 0.8 0.2
20241118141306.1 24.2677 98.0982 0.7 -0.1
20241118221257.5 24.2767 98.0947 0.7 -0.3
20241118222521.6 24.2883 98.0972 3.3 -0.3
20241118131019.5 24.1525 98.061 52.7 0.2
20241118183458.5 24.2828 98.0683 0.7 -0.3
20241118061117.7 24.3375 98.2577 16 1.2
20241118000958.8 24.1555 98.1792 11.6 0.8
20241118033839.5 24.26 98.1168 0.8 0.8
20241118090539.7 24.2118 98.055 12.8 0.2
20241118163212.7 24.2893 98.1052 0.8 -0.3
20241118002459.6 24.129 98.3207 20 1.8
20241118020221.5 24.4185 97.9892 24.6 0.3
20241118034700.1 24.268 98.1893 13 1.1
20241118095712.5 24.2962 98.1048 6 0.6
20241118020127.4 24.3048 98.035 3.4 0.5
20241118041403.2 24.3328 98.1322 2.8 1.2
20241118091511.7 24.3102 98.1118 24.2 0.8
20241118014107.8 24.3725 98.0032 18 1.2
20241118091129.7 24.251 98.1453 0.2 0.5
20241118094248.6 24.2262 98.2232 5.4 1.5
20241118174453 24.3733 98.2228 5.3 0.3
20241118015204.5 24.4022 98.1533 33.3 1.5
20241118022340.2 24.535 98.0205 16.9 1
20241118023154.4 24.2635 98.1458 22.7 0.8
20241118063649 24.137 97.6487 25.1 2
20241118083633.3 24.0357 97.9942 33.1 1
20241118084037.5 24.3577 98.1578 22.4 0.7
20241118092524.8 24.2458 98.0873 3 1.2
20241118132020.9 24.3118 98.0767 1.4 0
20241118152628.9 24.178 98.1443 9.9 0.3
20241118232156.7 24.2053 98.2458 8 -0.1
20241118232610.1 24.2197 97.9038 9.3 0.3
20241118031357 24.3373 97.971 34.8 1.3
20241118052811.8 24.341 97.793 36.3 1
20241118082949.3 24.3025 98.0728 0.8 1.1
20241118164347.7 24.3032 98.103 0.4 0.5
20241118224334.3 24.2822 98.1305 0.1 0.1
20241118013350.4 24.2903 98.0867 -0.4 1.1
20241118070228.6 24.2767 98.0785 -0.1 0.3
20241118073827.8 24.2672 98.1073 1 1.3
20241118100350.2 24.2793 98.1285 0.4 2
20241118011742.1 24.3558 98.1442 0.1 0.8
20241118171353.1 24.2968 98.0947 3.8 0.2
20241118235732.5 24.2568 98.0762 0.4 1.2
20241118002836.3 24.261 98.116 2.8 0.6
20241118073730.9 24.2582 98.2897 29.9 0.9
20241118084018.4 24.2952 97.8957 12.7 0.7
20241118085335.1 24.3542 98.0685 8.2 1.9
20241118162643.9 24.2762 98.1863 2.9 -0.1
20241118173339 24.2628 98.2393 0.8 -0.1
20241118001001.7 24.2627 97.9642 26.1 1.1
20241118061905.9 24.2603 98.1737 0.6 1.7
20241118174029.6 24.2828 98.1193 3.3 -0.2
20241118003538.7 24.2497 98.0877 4 0.1
20241118062808 24.3315 98.0602 4.6 0.9
20241118082949.3 24.3025 98.0728 0.8 0.7
20241118123925.1 24.2558 98.0682 0.8 0.7
20241118234531.3 24.2582 98.1307 6 0.7
20241119225432 24.3565 98.1562 4.6 1.8
20241119225458.1 24.3567 98.1537 4.8 1.7
20241119164201.6 24.2822 98.0925 4.9 0.5
20241119074407 24.2747 98.081 4.9 1.5
20241119212026.3 24.2793 98.088 6.8 0.5
20241119192309.8 24.2772 98.1875 2.5 0.6
20241119205307 24.2778 98.0772 4.7 0.7
20241119091730.7 24.329 98.1022 5.2 1.1
20241119181430.4 24.478 98.341 5.4 0.7
20241119100408.4 24.306 98.1023 3.8 0.7
20241119040035.9 24.2725 98.1633 1.9 0.6
20241119140820.4 24.3052 98.1003 1 0
20241119212246.1 24.2798 98.0953 0.6 0.1
20241119235039.9 24.3235 98.1127 1.4 0.2
20241119070001.1 24.2818 98.093 1.1 0.3
20241119170909.3 24.286 98.0797 1.2 0.1
20241119192322.4 24.274 98.2845 20 1.2
20241119061404.2 24.3535 98.166 16.7 0.3
20241119055627.1 24.131 97.9922 10.3 1.1
20241119082504.9 24.1935 97.9958 11.6 1.4
20241119093931.9 24.2488 98.2267 5.9 1.4
20241119002058.2 24.1793 98.0092 7.5 0.8
20241119043911.6 24.4512 98.2757 20.8 1
20241119045944.7 24.313 98.1537 0.9 0.5
20241119034406 23.9243 98.2257 39.5 1.3
20241119093516.8 24.3388 98.1398 0.8 2
20241119023832.2 24.1527 98.0727 25.6 0.9
20241119051525.2 24.3732 97.9627 32.9 0.8
20241119051715.8 24.2885 98.011 5.7 0.6
20241119060033.2 24.274 98.2533 5.4 1.2
20241119064342.4 24.2653 98.123 0 0.6
20241119073705.9 24.4817 98.2028 42.5 1.4
20241119083125.9 24.3247 98.1475 1.3 0.8
20241119092604.4 24.293 98.087 12.8 1.3
20241119103140.7 24.2703 98.0745 0.4 1.1
20241119143632.6 24.2875 98.0742 0.2 -0.4
20241119170025.6 24.2793 98.1005 3.3 0
20241119200507.1 24.2978 98.0763 0.6 -0.1
20241119092923.9 24.4988 98.1047 9.2 1.1
20241119102439.8 24.2508 98.1517 0 0.4
20241119102508.6 24.4913 97.9385 42.5 -0.1
20241119120817.5 24.2722 98.0007 4.2 0.8
20241119141850.3 24.1717 98.135 10.3 1.3
20241119225825 24.3285 98.1477 0.9 -0.4
20241119002949.1 24.2575 98.2243 23 1.6
20241119015859.6 24.3565 98.1118 8.3 0.8
20241119060812.1 24.6075 98.0627 21.2 1
20241119095028.9 24.2738 98.2498 7.8 0.8
20241119115733.1 24.3138 98.0757 2.9 0.5
20241119140545.6 24.2895 98.0693 2.3 -0.1
20241119161255.7 24.5213 98.1658 11.3 -0.1
20241119224119.1 24.248 97.9815 8.3 0.2
20241119005629.5 23.9652 97.7743 19 0.7
20241119022218.9 24.3575 98.3038 5.2 0.8
20241119074137.5 24.2067 98.1583 21.2 0.9
20241119094518.6 24.3523 98.469 17.3 1.5
20241119102238 24.3912 98.1377 33.4 0.9
20241119170405.1 24.3028 97.9027 12.2 -0.4
20241119213711.3 24.3617 98.3142 43.3 0.2
20241119100409.1 24.2917 98.0967 1.9 0.5
20241119110316.1 24.2325 98.1807 9.3 1.7
20241119162024.8 24.2992 98.1568 -0.6 -0.4
20241119211710.5 24.2707 98.0778 0.8 -0.3
20241119234112.4 24.3008 98.1048 -0.6 0.8
20241119223401.3 24.3063 98.1105 -0.4 0.8
20241119051209.9 24.2118 98.2013 11.1 0.5
20241119075453.4 24.4248 98.0437 9 0.9
20241119140412.5 24.3573 98.1763 1.6 0.4
20241119140820.2 24.3065 98.1055 1.2 -0.1
20241120235455.3 24.46 98.0227 5.6 1.7
20241120020135.6 24.3173 98.1242 7.6 2.2
20241120213816.9 24.47 97.9995 11.5 1.6
20241120180453.9 24.3648 98.102 2.6 0.7
20241120160345.1 24.2797 98.0665 5.2 0.8
20241120233839.3 24.5482 98.1365 28.4 2.2
20241120053014.2 24.2858 98.0822 3.6 1
20241120162933.8 24.3517 97.9583 1.8 0.9
20241120132308.4 24.2757 98.0772 4.3 0.6
20241120125612.7 24.2745 98.083 2.5 0.5
20241120141428.1 24.2785 98.089 5.1 0.6
20241120180414.2 24.2742 98.0815 5.8 0.3
20241120232729.8 24.2042 98.2317 7.8 1.4
20241120235406.1 24.6368 97.8763 15.2 1.6
20241120120229.2 24.32 98.108 2.3 0.6
20241120194203.7 24.27 98.1023 5.3 0.1
20241120235711.8 24.2047 98.0505 3.7 1.8
20241120140655.9 24.2958 98.0943 3.3 0.4
20241120030818.5 24.2187 97.8727 23.7 1
20241120233747.6 24.169 98.0063 11.7 1.6
20241120223118.2 24.3095 98.1612 -0.3 0.6
20241120223730.3 24.2395 98.1852 -0.5 0.7
20241120123147.6 24.2693 98.0978 0.8 0.2
20241120234442.9 24.1935 98.0083 4 1.1
20241120055249.7 24.2805 98.1047 5.7 0.5
20241120223904.5 24.3273 98.0772 0.6 0.7
20241120212809.6 24.2052 98.1872 35.6 1.2
20241120223133.7 24.5058 97.9273 21 0.7
20241120092714.8 24.34 98.0218 3.2 1
20241120234651.9 24.2492 98.1483 0.1 1.1
20241120235113.6 24.2217 98.1127 16.3 1.5
20241120175322.7 24.2922 98.0722 0.8 0
20241120220121.9 24.3095 98.1345 2.8 0.7
20241120222101.2 24.3428 98.0767 28.9 0.8
20241120180601.9 24.2733 98.0847 0.8 -0.2
20241120152732.7 24.293 98.074 -0.1 0.1
20241120222645.5 24.3273 98.1233 11.1 0.7
20241120104007.4 24.2742 98.0678 -0.3 0.4
20241120104530.5 24.324 98.1377 0.8 0.3
20241120211700.9 24.2657 98.1718 9.5 0.4
20241120225214 24.2365 98.0972 5.1 0.9
20241120104033.1 24.3752 98.1532 20.4 0.5
20241120193008.3 24.3287 98.1622 4.6 0
20241120204905.2 24.4838 98.1302 9.1 0.1
20241120212916.1 24.2435 98.0585 1.5 1
20241120225121.6 24.2632 98.4672 20.9 0.7
20241120233316.4 24.3947 97.8203 28 0.8
20241120234628.8 24.2508 98.0533 15.6 1.2
20241120095222.7 24.4142 98.026 10.3 1.5
20241120102655.7 24.2953 98.2485 7.8 0.5
20241120222037.2 24.4105 98.226 4 -0.1
20241120093933.1 24.24 98.126 3.6 2
20241120094901.5 24.2428 98.1293 2.8 0.6
20241120100932.3 24.3075 98.149 33 1.2
20241120021148.3 24.3467 98.1003 2.6 1.6
20241120174816.5 24.2832 98.0832 1.3 -0.3
20241120212425.8 24.4982 98.032 11.9 0.2
20241120235435.6 24.2157 98.0238 4.9 1.5
20241120070118.2 24.3377 98.1265 10.3 1.3
20241120095047.4 24.3228 97.9715 24.3 1
20241120095517.9 24.2088 97.9687 23.5 0.6
20241120215706.6 24.3008 98.1938 3.2 0.5
20241120222152.1 24.4115 97.9633 24.2 0.4
20241120030704.1 24.2788 98.1517 0.8 1.3
20241120033824 24.3 98.1303 0.6 0.3
20241120090241.2 24.2258 98.0708 0.8 1.8
20241120101844.1 24.192 98.1813 36.7 1
20241120170213.8 24.3697 98.185 0.8 0.3
20241120213415.7 24.2433 98.2315 7.5 0.4
20241120000110.7 24.2452 98.106 20.4 1
20241120042241.5 24.2765 98.086 11.6 0.5
20241120080112.8 24.299 98.088 9.6 0.8
20241120091132.9 24.3058 97.8785 34 1.1
20241120092727 24.383 97.9903 23.1 1.3
20241120222657.4 24.198 97.9608 10.3 0.3
20241120023830 24.5552 98.1095 15 1.7
20241120043945.1 24.498 98.1825 11.9 0.7
20241120084130.7 24.3617 98.094 64.8 1.3
20241120220821.8 24.2813 98.0558 -0.5 0.2
20241120002543.5 24.372 98.091 20.8 0.2
20241120005722 24.4048 98.006 7.1 2.5
20241120024449.9 24.32 98.0885 19 1.1
20241120035358.3 24.2547 98.1633 4.5 1.7
20241120061419.7 24.2725 98.1068 6.4 2.5
20241120171719.4 24.3425 98.1075 12.2 0
20241120222452.7 24.372 98.2262 15.3 0.2
20241120225305.8 24.3423 98.128 0 0.2
20241120234053.9 24.268 98.0133 3.1 1.1
20241120032902 24.2252 98.1242 5.3 0.8
20241120040935.4 24.257 98.3183 14.3 0.8
20241120055405 24.2182 97.9902 9.8 0.7
20241120061711.5 24.2627 98.1422 24.1 0.2
20241120083328.1 24.2888 98.0988 6.1 0.9
20241120111239.8 24.1808 98.2417 32 1
20241120112254.1 24.1655 98.1858 8.5 0.4
20241120124224.3 24.175 97.9983 19.1 2.6
20241120161702.3 24.2122 98.2065 15.3 0
20241120052631.6 24.274 98.1795 -0.5 1.9
20241120110007.3 24.3842 98.0565 11.4 0.7
20241120203625.1 24.2868 98.0677 2.7 -0.4
20241120232657 24.0928 98.1238 25.7 0.6
20241120233649.7 24.3123 98.0557 -0.1 0.9
20241120015435.8 24.3537 97.9932 19.6 1.3
20241120211432.4 24.2557 98.064 32.4 0.3
20241120213104.7 24.4533 98.3455 9.5 0.5
20241120222015.2 24.4288 98.1395 9.9 0.5
20241120222842.5 24.33 98.2058 4.1 -0.3
20241120101000.7 24.3438 98.1423 -0.5 0.8
20241120133135.8 24.0072 98.1445 11.1 0.7
20241120174841.2 24.1587 98.0703 9.8 0.3
20241120201940 24.29 98.1023 0.1 0.4
20241120215759.6 24.1575 98.0788 15.2 0.9
20241120224129.6 24.3198 98.1378 4.4 0.1
20241120100336.4 24.2832 98.1873 21.4 1.1
20241120111302.1 24.2903 98.0573 5.2 2.5
20241121210938.1 24.2773 98.0842 5.3 1
20241121144105.6 24.274 98.0818 5.6 0.9
20241121070511.7 24.3457 98.0523 7.4 0.9
20241121183846 24.2892 98.0947 5 0.5
20241121231321.4 24.2827 98.015 5.7 0.8
20241121152254.8 24.2728 98.08 6 0.6
20241121154312.3 24.2817 98.0748 4.8 0.6
20241121131046.6 24.274 98.0783 6 0.7
20241121163006 24.3002 98.0898 5.3 0.5
20241121174950 24.2717 98.0718 5.7 0.6
20241121094749.9 24.2753 98.0768 3.2 0.9
20241121133851.2 24.2875 98.091 2.9 0.3
20241121161822 24.3272 98.1573 5.1 0.5
20241121223637.2 24.2823 98.0827 2.7 0.2
20241121142017.7 24.4175 98.0877 17 0.3
20241121214515.8 24.3022 98.08 1.3 0.4
20241121100049.2 24.2913 98.095 11.3 1.2
20241121225916.6 24.2712 98.07 6.3 0.3
20241121222525.8 24.439 98.086 22.4 0.6
20241121034409.7 24.2895 98.0852 5 0.7
20241121052947.6 24.2393 98.0863 3.6 1.2
20241121100502.7 24.274 98.2807 28.9 0.3
20241121030418.5 24.34 98.2038 5.7 0.5
20241121150402 24.2955 98.093 4 0.2
20241121074337.6 24.29 98.097 1.3 0.6
20241121084436.2 24.272 98.0737 0.7 0.3
20241121101807.8 24.4405 98.1867 36.4 0.6
20241121125458.3 24.4107 98.34 17.2 0.8
20241121000915.7 24.4953 98.2745 20.4 1.1
20241121085608.5 24.314 98.1017 20 0.2
20241121102243.3 24.2917 98.0997 -0.3 0.9
20241121171353.4 24.2833 98.0817 0.8 0.2
20241121215345.7 24.2763 98.0997 0.4 -0.1
20241121060829.2 24.2965 98.29 11.9 0.6
20241121110319.7 24.2698 98.0902 8.6 0
20241121111355.9 24.301 98.07 -0.6 0.1
20241121100934.8 24.2683 98.076 11.5 0.5
20241121102311 24.2868 98.1038 0.7 0.8
20241121040256.1 24.2648 98.0803 3.9 0.2
20241121102112.3 24.3563 98.1542 2.7 0.3
20241121235526.8 24.2755 98.0768 0.9 0.5
20241121105533.4 24.2313 98.105 -0.1 0.4
20241121201433.3 24.3598 97.898 6 0.2
20241121232356.4 24.2903 98.095 3 -0.1
20241121083408.2 24.3008 98.115 12.9 0.5
20241121101501 24.355 98.1263 0.2 0.6
20241121035059.9 24.2628 98.1055 0.3 0.6
20241121214439.7 24.2597 98.1412 3.2 0.3
20241121000139.3 24.255 98.0858 6.2 1.2
20241121211043.8 24.3103 98.1005 1.9 -0.1
20241121083526.1 24.3102 98.1128 8.1 0.6
20241121084630.2 24.4337 97.9618 6 1.3
20241121093414.4 24.5117 98.102 10.1 0.4
20241121113729 24.2877 98.2303 2.7 0
20241121152450 24.3155 98.1408 0.3 0.3
20241121210647.4 24.406 98.1937 0.8 0
20241121095327.2 24.2587 98.0702 0.1 0.4
20241121005548.7 24.4447 98.1067 36.5 0.2
20241121070546.8 24.291 98.0927 -0.4 0.9
20241121070917.3 24.2717 98.1955 12.6 0.8
20241121091056.9 24.2912 98.0877 0.7 0.8
20241121213822.3 24.2793 98.0652 0.8 0.1
20241121030353.1 24.495 98.2713 7.2 1
20241121051448.2 24.266 98.1788 7.2 1.2
20241121063636.6 24.2283 98.1553 4.1 1
20241121065705.8 24.332 98.0463 0.7 0.7
20241121093526.9 24.1315 98.062 35.2 0.7
20241121094158.4 24.1683 98.1922 23.2 0.9
20241121140302.3 24.3788 98.29 24.9 0.8
20241121231358.5 24.2982 97.9382 13.4 1.2
20241121010723.4 24.2717 98.1133 14.2 0.3
20241121054430.7 24.3133 98.0113 11.4 0.1
20241121080154.4 24.2927 98.0538 7.6 1.3
20241121093907 24.2795 98.0782 18.1 1.9
20241121111339.5 24.2405 98.0702 1.6 0.2
20241121204432.6 24.275 98.0775 0.6 -0.1
20241121023248.1 24.1782 98.0472 10.4 0.8
20241121054209.3 24.2278 98.0113 0 0.8
20241121071340.7 24.2208 97.9837 6.8 0.5
20241121072153.7 24.2518 98.0897 5.2 1.2
20241121085155 24.3437 98.1955 4.5 0.5
20241121090549.2 24.2748 98.1438 -0.4 0.6
20241121095029.8 24.3223 97.9435 29 1.7
20241121105506.6 24.623 98.3848 15.9 1.9
20241121000432.8 24.2868 98.1542 0.4 1.4
20241121071140.6 24.4092 98.306 27.6 0.6
20241121072313.8 24.0013 97.9563 44.9 1
20241121075710.6 24.331 98.0392 4.7 0.3
20241121083601.8 24.1815 98.0277 18 0.4
20241121091152.6 24.36 98.0737 7 1.3
20241121000844.3 24.2998 98.1405 -0.2 1.2
20241121040717.5 24.4598 98.2385 13.4 -0.2
20241121052939 24.2665 98.1068 3.6 0.8
20241121071628.2 24.3843 98.1443 38 0.7
20241121091113.8 24.226 97.9472 30.9 1.4
20241121094118.5 24.1182 98.0482 15.5 2.2
20241121121931.4 24.2757 98.0815 1 0.1
20241121023332.5 24.3257 98.2095 2.9 0.1
20241121044746.7 24.3077 98.1122 10.3 2.3
20241121053948 24.4242 97.9793 13.7 0.8
20241121120458.7 24.2403 98.1418 6.3 2.2
20241121184712.8 24.2725 98.1485 3.3 -0.4
20241121193400.6 24.1873 98.1402 7.9 0.2
20241121233533.8 24.2807 98.1322 0.5 0.8
20241121095720.4 24.2738 98.1127 0.6 1
20241121123626.8 24.251 98.2035 18.7 0.7
20241121133820.8 24.1765 97.9285 32.7 0.2
20241121135847.1 24.2597 98.0683 11.8 0
20241121194515.2 24.2828 98.0633 14 0.3
20241121024119.9 24.3168 98.086 0.7 0.9
20241121100517.5 24.2595 98.1328 4.2 0.3
20241121175940 24.3303 98.134 1.4 -0.7
20241121193951.4 24.2305 98.0958 10.3 0.1
20241121203405.5 24.3177 98.0672 7.7 0.7
20241121230334.9 24.3323 98.0685 17.2 0.2
20241121094405.3 24.2462 98.1653 6.2 0.7
20241121101507.5 24.3243 98.1532 23.3 1.7
20241121181424.2 24.2683 98 4.4 0.6
20241121190914.6 24.1657 97.851 31.4 0.4
20241121034410.1 24.2953 98.0858 3.3 0.4
20241121043634.4 24.2968 98.1762 7.6 1
20241121100540.8 24.2258 98.1322 6.3 0.9
20241122150127.2 24.2847 98.1128 5.3 1.2
20241122001235.9 24.2795 98.0955 5.3 1.8
20241122020732 24.2843 98.1005 5.8 0.8
20241122014338.8 24.279 98.092 5.9 0.9
20241122144742.5 24.2883 98.1132 5.8 0.3
20241122133332 24.283 98.0648 5.6 0.5
20241122154634.9 24.2922 98.0732 1.5 0
20241122123209.2 24.306 98.1377 3.4 0
20241122111718.7 24.4255 98.1738 7.3 0.4
20241122174018.9 24.2765 98.1182 7.4 0.4
20241122111054.3 24.3415 98.1213 1.9 0.3
20241122185437.7 24.2988 98.0995 4 0.2
20241122033420.3 24.2747 98.0863 0.8 0.5
20241122081728 24.2905 98.0867 2 0.5
20241122132227.6 24.1712 98.0103 4.2 0.3
20241122215013.1 24.2747 98.1017 2 0
20241122145719.9 24.2742 98.0772 2.1 0
20241122002501.8 24.29 98.0723 3 0.1
20241122141523.4 24.3953 98.0243 6.4 -0.1
20241122105113 24.2175 97.965 17.6 1.2
20241122112014 24.277 98.0887 0.7 0.4
20241122140355.7 24.2905 98.0747 0.5 -0.2
20241122124133.1 24.3008 98.0942 1.3 -0.1
20241122212432.5 24.306 98.0963 0.5 0
20241122054216.1 24.1312 98.1952 21.7 1.4
20241122100714.1 24.3103 98.1233 0.8 0.8
20241122051642.1 24.4155 98.026 16.7 0.5
20241122084537.6 24.2402 98.0718 3.2 1.8
20241122120024 24.2895 98.066 0.9 -0.1
20241122071629.6 24.3212 98.1455 0.8 0.3
20241122201110.9 24.329 98.0737 0.5 0.2
20241122003132.7 24.2115 97.94 10.9 1
20241122051914.1 24.207 98.1682 8.9 3
20241122092342.5 24.3327 98.1105 9.4 2.1
20241122123205.3 24.5095 98.1803 14.4 -0.1
20241122234050.1 24.2393 98.0783 0 0.2
20241122053801.2 24.5168 98.0455 36.2 1.1
20241122063546 24.2765 98.0635 2.4 0.3
20241122065652.2 24.2672 98.1007 8.2 0.9
20241122080933.2 24.1892 98.3103 22 0.1
20241122103720.6 24.3183 98.1847 12.6 1.6
20241122232713.7 24.3065 98.1398 10.9 0.3
20241122065601.3 24.297 98.1077 2.1 0.4
20241122071657.6 24.309 98.0712 -0.5 1.5
20241122072240.2 24.0797 97.699 30.4 1.7
20241122081221.1 24.5102 98.0418 35.6 0.3
20241122083518.2 24.3087 98.0267 10.9 0.8
20241122135042.1 24.3423 98.2243 0.7 1.2
20241122001513.2 24.5523 98.035 45.1 1
20241122033741 24.321 98.1565 -0.6 1.2
20241122100611 24.4205 98.0732 17.8 0.8
20241122013143.1 24.1205 98.1805 12.7 1.5
20241122021519.2 24.4603 97.9818 27.5 1.2
20241122053932.8 24.1025 97.9452 28.9 0.5
20241122091654.7 24.3228 98.1313 16.9 0.2
20241122100840.5 24.2543 98.157 -0.6 0.7
20241122101924 24.3095 98.1183 11.3 1.7
20241122000004 24.2603 98.1 13.4 0.4
20241122010855.3 24.2943 98.4525 16.1 1.2
20241122013054.5 23.9478 98.1962 8.8 1.4
20241122014751.8 24.3333 97.9818 23.8 1.5
20241122030218.1 24.2492 98.1488 34.6 1
20241122060053.7 24.276 98.1557 5.3 1.5
20241122064804 24.2402 98.0978 4.2 1.3
20241122080032.1 24.4545 98.0813 12.7 1.8
20241122080133.7 24.2673 98.1722 0.5 0.7
20241122081116 24.3265 98.0613 21.4 1
20241122091938.4 24.2618 98.0707 0.2 1.2
20241122122433.5 24.3055 98.0635 8.9 0.5
20241122124719.3 24.3512 98.0765 0.7 0.6
20241122164305.1 24.2422 98.0553 11.8 1.3
20241122164632 24.2863 98.0748 -0.2 -0.4
20241122074338.6 24.2655 97.9625 12.3 0.9
20241122075750 24.1922 98.255 11.7 0.5
20241122094323.9 24.276 98.042 11.6 1.9
20241122120314 24.3055 98.165 3.9 1.8
20241122201351.2 24.2532 98.1082 6.9 0.1
20241122014626.7 24.3237 98.1242 0.3 1.8
20241122045411.2 24.3642 98.13 20.8 1.3
20241122061232.4 24.2448 98.1233 0 0.9
20241122063652.8 24.3382 98.1978 39 1.8
20241122114727 24.2593 98.1425 4.2 -0.2
20241122204659.3 24.2942 98.1132 0.8 -0.3
20241122225631.5 24.2408 98.0843 6.5 -0.4
20241122014150.7 24.2715 97.977 0.8 1.5
20241122022718.5 24.2402 98.3195 18.4 1.6
20241122042850.4 24.3023 98.1212 18 0.2
20241122131411.3 24.3127 98.103 19.7 -0.2
20241122162952.7 24.3378 98.1148 0.7 0.7
20241122041547.8 24.2635 98.0713 2.7 0.5
20241123144307.8 24.2845 98.1012 3.7 1.1
20241123004929.6 24.2848 98.0945 6 1.5
20241123090234.6 24.1282 98.2368 17.6 1.6
20241123173613.9 24.314 98.0227 6.4 0.8
20241123025420.7 24.2938 98.0727 5 0.7
20241123041745.4 24.2832 98.0805 0.7 0.4
20241123145451.9 24.2903 98.0933 4.3 0.3
20241123133759.4 24.2993 98.0898 0.7 0.3
20241123200549.5 24.2817 98.0808 2 0.4
20241123225618.7 24.2852 98.0842 1.9 0.1
20241123042229.9 24.2567 98.1432 0.8 0.7
20241123104703.4 24.3335 98.0065 8.5 0.7
20241123064008.9 24.266 98.0873 7.3 0.8
20241123102729.6 24.2627 98.0707 12.9 1
20241123042824.4 24.0313 98.5883 37.4 1.8
20241123063001.1 24.276 98.4527 35.9 1.4
20241123071858.8 24.1108 98.0742 3.3 1.8
20241123082219 24.321 98.1525 2.5 0.6
20241123142419.4 24.2493 98.1483 11.5 -0.1
20241123151802.6 24.3367 98.195 5.6 -0.1
20241123000001.3 24.28 97.844 19.5 0.3
20241123041254.9 24.1525 97.8978 33.9 2.3
20241123042029.4 24.2968 98.047 0.2 1.4
20241123051159 24.3387 98.1417 15.7 0.1
20241123060807.1 24.172 98.1038 1.3 1.7
20241123064714.1 24.3358 98.0542 36.9 1
20241123084655.6 24.1375 98.2542 3.4 1.1
20241123090901.6 24.2358 98.1115 5.1 1.5
20241123104404.3 24.3342 97.9808 5.2 1.5
20241123202931.7 24.3165 98.1042 0.8 0
20241123005525.9 24.2243 98.1718 27.2 1.4
20241123031206.6 24.2427 98.0865 -0.3 0.6
20241123045648.3 24.5617 98.308 13.6 1.6
20241123070836.2 24.28 98.0553 8.2 0.9
20241123040011.9 24.2577 98.125 9 0.7
20241123075806.5 24.2 98.1755 33.9 2.1
20241123094506.1 24.272 98.1692 0.4 1
20241123101304.7 24.2762 98.1113 1.8 1.6
20241123124357.1 24.3413 98.0827 21.4 2.1
20241123131823.6 24.3618 97.9607 34.3 0
20241123010542.2 24.3803 98.1317 26.9 2
20241123012606 24.4388 98.0782 27.1 0.1
20241123033609.6 24.4277 98.1007 7.3 0.8
20241123043326.1 24.3257 98.1105 -0.4 0.7
20241123064248.6 24.2472 98.0758 20 0.9
20241123070056.9 24.2908 98.1155 8 1.1
20241123083757.8 24.4803 98.192 13 2.2
20241123122911.7 24.3863 97.9468 37.9 0.5
20241123131504.5 24.3887 98.1733 11.9 0.3
20241123135028.2 24.296 98.0567 0.8 0.3
20241123142011.2 24.3683 98.1197 8.9 0.7
20241123190710 24.349 98.0152 9.1 0.2
20241123011343.9 24.2805 98.0598 8.2 1.2
20241123065852 24.2647 98.1045 15.6 1.4
20241123074540.2 24.2097 98.1008 7.8 0.4
20241123075726.7 24.2587 98.0638 13.5 0.9
20241123090750.7 24.137 98.2827 13.9 0.7
20241123101414.4 24.3582 98.151 0.8 0.2
20241123103646.4 24.1487 98.056 32.1 1
20241123160428.9 24.2678 98.0817 -0.3 -0.1
20241123172207.8 24.3525 98.0588 0.1 -0.4
20241123201359.6 24.2875 98.0835 0 -0.2
20241123223042.2 24.2978 98.0957 2.4 -0.4
20241123030611 24.2045 98.1468 18.7 0.8
20241123031140.4 24.2657 98.2238 0.8 1.8
20241123153011.1 24.2825 98.0772 1.8 -0.2
20241123201921 24.3198 98.1497 2.2 -0.2
20241124152650.5 24.2753 98.0827 4.5 1.1
20241124183141.6 24.3333 98.2057 3.9 1.3
20241124165340.5 24.3522 98.0895 7.9 1
20241124152756.1 24.9762 97.9997 19.9 0.4
20241124170235.9 24.2777 98.0832 4.8 0.5
20241124165259.3 24.351 98.0903 8.2 0.6
20241124124541.7 24.257 98.1433 24.2 1.3
20241124225817.3 24.2813 98.0665 2.7 0.5
20241124054924.4 24.1732 98.308 6.1 1.2
20241124211658.8 24.3268 98.1138 5.9 0.3
20241124184547.9 24.2792 98.0768 0.7 0.2
20241124120456.5 24.2713 98.0778 1.5 0.5
20241124120149.9 24.2938 98.083 2.2 0.4
20241124120325.1 24.2777 98.0835 0.8 0.4
20241124164654.8 24.2938 98.0662 1 0.2
20241124031027.6 24.3462 98.2085 6.1 0.5
20241124112946.8 24.2973 98.0953 1 0.3
20241124121205.8 24.293 98.089 0.8 0.2
20241124153826.9 24.2875 98.0768 4.3 0.3
20241124212519.1 24.276 98.1068 2.5 0
20241124000529.4 24.319 98.1 2.1 0.2
20241124100144 24.2855 98.08 2.2 0.6
20241124115637.6 24.2705 98.1 2.3 0.4
20241124172209.7 24.3407 98.0858 1.4 0
20241124063416.9 24.3572 98.1603 4.6 0.5
20241124165437.8 24.3367 98.118 1 -0.1
20241124061139.8 24.2598 98.2273 12.2 0.4
20241124044352.1 24.0472 97.9998 30.2 0.7
20241124020005.8 24.2962 97.965 0.8 0.7
20241124024900.5 24.2527 98.1395 0.8 1
20241124173552.1 24.2595 98.0578 1.6 -0.3
20241124225748.8 24.2827 98.0723 0.7 -0.1
20241124013357.7 24.322 97.855 25.4 2.2
20241124034624.9 24.2437 98.16 2.3 1.2
20241124045806.3 24.3607 98.2268 11.5 0.8
20241124092025.7 24.0107 98.2405 24.1 0.9
20241124161223.6 24.2942 98.0693 0.8 -0.2
20241124002810.4 24.2765 98.134 2.3 0.5
20241124042920.9 24.2077 98.1292 4.8 1.2
20241124060717.6 24.1375 98.1267 28 1.6
20241124063901.7 24.213 98.1065 5.2 2.2
20241124092238.1 24.3858 98.184 12.5 2.1
20241124104622.2 24.3107 98.1242 18.7 2.4
20241124154441.4 24.225 98.069 8.7 -0.4
20241124062508.1 24.1922 98.1833 17.9 1.1
20241124065556.6 24.292 98.0828 9.5 1.1
20241124075845.5 24.2617 98.1817 13.7 1.4
20241124085410.1 24.5157 97.941 11.1 1.4
20241124102208 24.2722 98.0687 8.3 1
20241124015115.6 24.454 97.9593 12.7 2.3
20241124065044.3 24.2572 98.1063 0.8 0.8
20241124082918.2 24.2462 97.9365 20.6 2.6
20241124085350.2 24.2933 98.0517 0 2.3
20241124101145.8 24.2762 98.1527 0.1 1.1
20241124101901.4 24.2827 97.9835 7 1.1
20241124113611.3 24.2882 98.0838 -0.4 0.1
20241124180145 24.2682 98.0555 7.8 0.4
20241124212018.9 24.3277 98.0967 0.7 0.8
20241124235414.9 24.2493 98.0228 8.8 0.6
20241124001037 24.2632 97.9545 16.4 1.2
20241124003955.6 24.2352 98.0075 5.3 0.5
20241124004152.3 24.3117 98.2297 7.2 1.1
20241124025021.1 24.332 98.0328 16.8 0.2
20241124032021.6 24.3338 98.0177 34.3 1.8
20241124060839.7 24.3868 98.0792 3.6 0.6
20241124070950.4 24.1862 98.1827 8.6 1
20241124083429.8 24.25 98.0472 8.6 1.7
20241124084813.3 24.2843 98.1763 3 1
20241124113718.3 24.2795 98.0717 0.6 0
20241124143630 24.2888 98.1073 1.5 0.2
20241124152105.8 24.2313 98.217 20 0.2
20241124022131.6 24.2492 98.1207 23 1.4
20241124034757.7 24.2235 97.9033 35.9 2.9
20241124035923.5 24.3372 98.0673 1.4 0.2
20241124060250.1 24.2752 98.2055 2.9 1.3
20241124090519.7 24.2032 98.0325 17.1 1.7
20241124101553 24.2777 98.071 4.9 1.2
20241124153734.4 24.1645 98.1088 46.4 0.3
20241124043446 24.2365 98.063 -0.2 1
20241124065300.4 24.6735 98.2692 26.9 1.2
20241124075159.8 24.2833 97.9853 26.3 0.7
20241124115457.6 24.2898 98.1442 -0.3 1.7
20241124033755.7 24.2547 98.0772 -0.6 0.5
20241124140857.4 24.1817 97.9097 5.7 0.9
20241124144333.9 24.2187 98.1362 14 0.7
20241124145749.8 24.3978 98.2653 14.3 0.3
20241124160059.5 24.433 98.2658 11.9 0
20241124191318.1 24.2688 98.1125 17.8 0
20241124210839 24.2385 98.1023 0.2 -0.4
20241124223103.7 24.2693 98.1073 4.4 1.7
20241124054924.6 24.1715 98.2847 2.7 1.3
20241124104221.2 24.2093 98.1255 35.7 1.9
20241124111530.4 24.2672 98.1803 18.7 0.9
20241125195359.5 24.189 98.093 3.9 1.1
20241125192120.6 24.1822 98.095 0.8 1.3
20241125211659.4 24.2907 98.0993 3.7 0.3
20241125165249.8 24.3142 98.1187 3.7 0.5
20241125230448.7 24.287 98.0842 2.3 0.5
20241125213253.6 24.2655 98.0493 3 0.4
20241125102527.6 24.2868 98.0798 1 0.8
20241125225010.5 24.2817 98.0812 1 0.2
20241125163135.4 24.2338 98.0895 1.7 -0.1
20241125032142.3 24.3205 98.1035 14.1 0.5
20241125122722.4 24.2907 98.0772 0.8 0.2
20241125084419.2 24.2778 98.0883 2.1 0.8
20241125055949.1 24.3098 98.132 0.7 0.5
20241125114903.3 24.2937 98.0545 2.1 0.4
20241125091510.6 24.5562 98.1203 5.9 0.5
20241125072513.3 24.3425 98.0832 0.8 0.5
20241125103317.6 24.3355 98.0735 21.3 0.8
20241125021836.2 24.416 98.1272 21.2 0.6
20241125033850.2 24.2982 98.0662 0.5 0.7
20241125034550.8 24.4238 97.9575 27.5 0.5
20241125040409.1 24.3732 97.9778 6.1 0.3
20241125222359.8 24.292 98.0758 0.7 -0.2
20241125024131.3 24.2663 98.2192 0.8 0.7
20241125032202.4 24.0482 98.2215 7.3 0.5
20241125050947.8 24.3132 98.1417 0.8 0.4
20241125064041.6 24.3438 98.153 0 1
20241125073306.6 24.068 97.9688 15.5 1.6
20241125102054.8 24.0147 98.0498 35.2 1.3
20241125103028.6 24.2035 98.2062 13.5 1.9
20241125141823.4 24.2782 98.0573 0.2 0.4
20241125023845.6 24.2987 98.1092 0.2 1.5
20241125034504.3 24.3383 98.1055 10.2 1.5
20241125041241.3 24.2148 98.0563 25.8 1.1
20241125044733.6 24.252 98.0552 2.4 1.1
20241125050703.4 24.62 98.173 25.2 0.5
20241125072716.1 24.274 98.1728 7.1 1.2
20241125074751.2 24.0388 97.9183 7.7 1.4
20241125093540 24.5348 98.143 11.5 1.3
20241125130028.1 24.2108 98.1785 25.7 -0.3
20241125162146.9 24.1557 97.9895 14 -0.2
20241125023004.5 24.3588 98.315 11.8 0.6
20241125052608.5 24.2578 98.1207 19.3 2.7
20241125053407.8 24.3145 97.98 10.8 0.9
20241125074958.4 24.2357 97.8677 26 1.4
20241125105933.5 24.2817 98.088 0.5 0.5
20241125034314 24.3888 98.1745 6.8 0.5
20241125054820.7 24.2792 98.3762 6.7 1
20241125082659.5 24.2977 98.0892 -0.5 0.5
20241125083029.1 24.2752 98.3308 15.9 0.6
20241125105826.2 24.344 98.0535 6.3 1.4
20241125131625.1 24.3393 98.1072 10.2 0.2
20241125235111.5 24.2642 98.0738 15.5 0.3
20241125022329.6 24.2388 98.1393 3.4 0.7
20241125022728.1 24.1995 98.0892 2.1 0.9
20241125033728.2 24.3987 98.0965 9 0.4
20241125034055.6 24.2518 98.1308 3.9 1.2
20241125035631.3 24.2655 98.388 10.6 1.8
20241125040700.6 24.3738 98.1242 14.5 1.4
20241125042417.2 24.6682 98.1087 25.5 0.4
20241125060807.5 24.2618 98.1985 12.6 0.8
20241125074346.5 24.3383 98.0918 12.6 0.3
20241125080802.9 24.2495 98.1592 12.3 2.1
20241125090617.6 24.2928 98.0943 0.7 0.8
20241125211858.2 24.3132 98.1728 2 -0.3
20241125030243.4 24.3677 98.0362 9.8 0.9
20241125075821.9 24.2917 98.1498 8.5 0.8
20241125084940.2 24.5882 97.9003 16 1.5
20241125095714.8 24.3325 98.0592 0.4 1
20241125101634.4 24.2713 97.9795 32.7 0.8
20241125121433.5 24.2595 98.1517 -0.6 1.6
20241125195027.2 24.2835 98.1263 0.1 -0.2
20241125012659.7 24.178 98.0343 12.2 1.3
20241125042702.8 24.3333 98.1593 -0.6 1.7
20241125053024.5 24.3403 98.0013 7.3 1.4
20241125095049.2 24.1907 98.0348 14 1.2
20241125211659.5 24.292 98.099 3 0.3
20241125001005.1 24.174 98.5937 31.6 0.3
20241125014130.8 24.1923 98.1713 13.9 1.3
20241125022752.9 24.3088 98.0722 -0.3 0.8
20241125051609.9 24.2633 98.129 -0.1 0.8
20241125190740 24.3573 98.204 8.1 0.2
20241125032138.1 24.2812 98.169 12.7 0.9
20241125041657.3 24.2857 98.0902 -0.4 1.6
20241125114529.7 24.259 98.0458 4.1 0.6
20241125181718.4 24.2893 98.0773 0.3 -0.5
20241125181808.4 24.2867 98.0518 2.3 0.3
20241125234414.2 24.2172 98.1533 9.6 1.4
20241126001341 24.318 98.109 5.8 1.4
20241126080349.8 24.3497 97.8948 29 2.4
20241126150154.1 24.2082 98.2922 6 1.3
20241126180232.6 24.2792 98.0885 5.1 0.8
20241126055553.3 24.2775 98.0923 5.4 1.5
20241126144723.9 24.206 98.2928 5.5 0.9
20241126144852.6 24.209 98.2888 6.4 1.1
20241126175644.8 24.2753 98.096 3 0.3
20241126034842.9 24.2898 98.1012 6.8 0.9
20241126184328.1 24.3542 98.0548 5.3 0.3
20241126143835.5 24.3098 98.1873 11 0.7
20241126163922.3 24.2852 98.0813 2.3 0.3
20241126205353.2 24.2748 98.0755 4.6 0.3
20241126190138.6 24.2827 98.0825 5.1 0.2
20241126002917.5 24.3153 98.1118 3.1 0.7
20241126021243.3 24.2865 98.113 1.8 0.8
20241126145040.5 24.3532 98.085 3 0.4
20241126070529 24.2833 98.0903 2.7 0.8
20241126144701.6 24.2925 98.159 0.6 0.8
20241126060149.4 24.2758 98.0845 1.2 0.5
20241126141439.2 24.3003 98.1862 11.5 0.5
20241126124038.9 24.2927 98.0787 0.6 0.1
20241126192526.8 24.336 98.1068 1.3 0
20241126075630.5 24.3718 98.2045 5.4 0.6
20241126015856 24.3045 98.1075 2.5 0.8
20241126194712.7 24.3045 98.1117 1 0
20241126114204 24.2758 98.0802 0.8 0.2
20241126134614.1 24.2855 98.0692 0.5 0
20241126040205.4 24.2643 98.094 7.5 2
20241126041702.5 24.2172 97.9855 13.2 2.1
20241126131020.2 24.3422 98.1778 7.5 0.5
20241126141623.2 24.288 98.107 2.8 0.2
20241126043205.3 24.2385 98.0327 0.1 0.3
20241126042130.2 24.078 98.1047 8.9 1.7
20241126095511.2 24.366 98.2467 50.1 1.3
20241126110115.8 24.3718 98.0078 41.6 2
20241126115454.9 24.327 98.0382 7.9 1.2
20241126022921.9 24.2837 98.0102 9.8 1.7
20241126025303.6 24.1272 98.118 9.7 1.7
20241126022118.4 24.073 98.1882 31.4 2
20241126030555.9 24.314 98.4062 7.3 1.9
20241126042919.1 24.3085 98.0803 8.9 1.3
20241126100444.4 24.3325 98.114 2.6 1.2
20241126181732.3 24.2815 98.1227 4.8 -0.3
20241126004724.5 24.2492 98.1212 5.7 2.3
20241126024723.8 24.377 98.013 23.8 1.2
20241126042415.4 24.4383 98.1545 9.9 1.3
20241126044824.9 24.3052 98.17 0.6 0.7
20241126051839 24.2852 98.0808 30.8 0.8
20241126073959.6 24.2782 98.133 2.5 1.7
20241126092711.8 24.316 98.112 9.3 2.2
20241126101925.2 24.2593 98.1322 3.5 1.9
20241126024508.7 24.149 97.9682 6.3 0.8
20241126032256.4 24.2355 98.1587 2.6 1.4
20241126080935.7 24.2167 98.0593 0.7 0.8
20241126095848.5 24.294 98.0352 15.6 2
20241126103641.2 24.2732 98.207 29 0.8
20241126134143.5 24.275 98.089 1.5 -0.1
20241126142703.4 24.3357 98.123 21.1 -0.2
20241126035433.9 24.2327 98.184 15.2 1.5
20241126041057.3 24.2105 98.1285 26 0.7
20241126052630.2 24.1928 98.0898 12.6 0.8
20241126080605.4 24.2922 98.126 6.6 1
20241126084120 24.195 98.1935 6.8 0.5
20241126104652.9 24.072 98.2702 17.7 0.8
20241126171620.8 24.295 98.1287 0.8 -0.1
20241126030527.4 24.414 98.0318 12.9 1
20241126031749.2 24.3888 97.9045 32.9 1.4
20241126051040 24.1853 98.0785 0.6 0.4
20241126063706.3 24.2345 98.3178 28.4 1
20241126082354.2 24.3415 98.0375 17.8 2.1
20241126084737.1 24.2452 98.3787 10.8 0.8
20241126104622.3 24.281 98.1002 -0.5 0.7
20241126144020.9 24.2667 98.0838 4.1 0.8
20241126215809.3 24.2812 98.154 0.1 0.9
20241126004743.1 24.388 98.1863 17.6 1.7
20241126015313.9 24.5137 98.0573 16.9 0.5
20241126015650.1 24.312 97.9812 2.1 2
20241126030502.3 24.442 98.2373 14.1 1.1
20241126035459.6 24.2008 97.9673 33.1 2
20241126041711.3 24.0743 98.0492 14 0.9
20241126053816.4 24.4258 98.0277 31.1 0.6
20241126060506.6 24.2445 97.9782 15.5 0.8
20241126114251.7 24.4252 97.9863 12.3 0.6
20241126181111.9 24.3323 98.05 14.8 -0.3
20241126202438.7 24.3642 97.9955 6.6 0
20241126205210.5 24.3543 98.1315 -0.5 0.4
20241126011330.9 24.3443 98.1992 17.3 1
20241126054810 24.0797 98.0518 12.1 0.8
20241126134218.4 24.2405 98.1725 23.2 0.4
20241126142640.8 24.2698 98.1248 0.1 0.2
20241126172723.3 24.391 98.1532 7.6 0.6
20241126210151.9 24.2792 98.0832 10.5 0.6
20241126220005.2 24.1837 98.271 24 0.2
20241126033642.9 24.312 98.1305 2.6 0.5
20241126114308 24.2997 98.0732 9.1 1.7
20241127125103.7 24.3072 98.0235 7 1.3
20241127181932.9 24.2742 98.0625 5.5 0.4
20241127165053.6 24.2932 98.122 4 0.3
20241127172922.4 24.29 98.0987 5.3 0.2
20241127214543 24.2838 98.0912 1.8 0.4
20241127192622.2 24.3005 98.088 4 0.2
20241127032623 24.2833 98.0732 1 0.9
20241127051855.5 24.3755 98.0763 1.2 0.7
20241127224026 24.3888 98.3715 11.1 0.7
20241127194431.7 24.28 98.0703 3.5 0.2
20241127195000.5 24.2723 98.0732 2.8 0.3
20241127234545.6 24.294 98.0907 1.7 0.3
20241127031909.2 24.3158 98.0737 4.1 0.3
20241127125504.9 24.323 98.1308 14.2 0.3
20241127201739.2 24.2668 98.1385 -0.2 0.8
20241127121407.7 24.2922 98.0258 10 -0.1
20241127032418.2 24.2363 98.0335 16.7 1.5
20241127040208.9 24.5492 98.1957 26.9 0.4
20241127094545.8 24.2355 98.0768 0.8 0.4
20241127161830.2 24.2608 97.9687 41.1 0.2
20241127190653.3 24.2705 98.0908 0.7 0
20241127211107.1 24.285 98.0693 0.8 -0.1
20241127125449.4 24.1703 98.0572 15.8 0.7
20241127092607.4 24.3912 97.8475 20.9 1.3
20241127121857.8 24.265 98.0813 0 0.2
20241127031259.2 24.2582 98.0015 27.7 1.2
20241127001533.7 24.2757 98.0637 0.4 0.3
20241127094606.9 24.3305 98.1135 0.3 1.1
20241127015443.4 24.1553 98.0247 16.2 1.7
20241127065930.5 24.285 98.136 4.6 0.3
20241127084959.4 23.951 98.6087 18.7 0.6
20241127145438.3 24.4028 98.188 8.4 -0.2
20241127234100.7 24.1662 98.136 26.9 0.4
20241127080555.5 24.1648 98.3182 16.6 1.1
20241127124801.9 24.2815 98.0882 1.9 0.2
20241127015018.1 24.4268 98.1645 3.8 0.1
20241127052915.9 24.2893 98.1448 0.7 0.9
20241127075924.5 24.3597 98.2435 4.2 2
20241127080952.4 24.253 98.1875 0.7 0.9
20241127100517 24.265 98.1395 1.4 1.1
20241127135031.4 24.3422 98.066 6.1 -0.1
20241127000342.7 24.272 98.1585 14.7 1.1
20241127025160 24.4347 98.0643 15.3 1.6
20241127041347.8 24.2478 98.25 9.8 0.6
20241127094333.7 24.2522 98.0513 4.7 0.7
20241127104008.3 24.2543 98.0028 20.5 1.2
20241127010755.8 24.201 98.2457 20 1.3
20241127014328.1 24.12 98.3852 22.9 1.9
20241127043520.7 24.313 98.2058 5.5 0.4
20241127090446.8 24.373 98.0757 15.6 1.1
20241127154602.6 24.2723 98.0777 1.3 0
20241127004120 24.2507 98.236 9.7 1.6
20241127010926 24.3112 98.1218 1.9 1.6
20241127024946 24.3055 98.2485 18.9 0.9
20241127033745 24.409 98.196 2.2 0.8
20241127044548.7 24.2988 98.044 0.8 0.7
20241127051004.4 24.2683 98.0775 1.1 1
20241127074831.3 24.4087 98.0923 10.9 2.1
20241127020712.2 24.2468 98.1303 -0.5 0.6
20241127033830.2 24.2772 98.1185 -0.6 2.4
20241127052059.3 24.3177 98.0608 4.4 0.5
20241127052214.2 24.2458 98.0778 0.2 1.3
20241127073413.2 24.2253 98.3042 6.6 1.4
20241127145719 24.2782 98.0732 0.8 0.1
20241127233655.2 24.2217 97.9788 11.6 0.6
20241127125516.6 24.3312 98.084 2 0.5
20241127165220.7 24.301 98.1078 27.1 0.1
20241127222656.1 24.3203 98.108 0.1 1
20241127222829.6 24.4248 97.9862 18 1
20241127052529.8 24.2537 98.1065 5.8 2.3
20241127075508.3 24.3087 98.1205 34.4 0.7
20241127094646.1 24.238 98.178 7.9 1.1
20241127103314.9 24.278 98.0492 22.2 1.8
20241127111720.3 24.3803 98.1233 0.8 0.4
20241127190322.3 24.2803 98.0732 3.6 -0.4
20241127191223.6 24.1893 98.1297 7.3 1.3
20241128170657 24.2942 98.0985 4.4 0.8
20241128235652.7 24.2752 98.0757 5.1 1.1
20241128075748.3 24.2772 98.0943 4.2 1.2
20241128015341.8 24.3192 98.025 5.3 1.3
20241128172112.2 24.27 98.0803 3 0.8
20241128024154.6 24.2283 98.3462 11.4 1.7
20241128154628.7 24.2815 98.0948 4.8 0.4
20241128013838.9 24.2832 98.1022 2.3 0.6
20241128040439.2 24.1362 98.1812 -0.3 1.1
20241128022032.2 24.241 98.0768 5.7 1.2
20241128035456.9 24.2413 98.0765 3.2 0.7
20241128113348.1 24.3343 98.0882 11.1 0.4
20241128224058.3 24.1828 98.057 8.3 0.2
20241128113627.3 24.2788 98.085 1 0
20241128220246.8 24.31 98.1387 5.3 0
20241128110929.1 24.2337 98.1688 10.2 0.3
20241128113132.1 24.2652 98.236 0.8 0.2
20241128121739.9 24.3493 98.1493 2.4 0.2
20241128155910.6 24.2958 98.0788 3.3 0.3
20241128074309.6 24.2678 98.0937 3.3 0.3
20241128092145.6 24.3147 98.1683 0.7 0.4
20241128223708.9 24.2892 98.0902 0.6 -0.3
20241128044825.6 24.4133 98.1427 6.6 0.8
20241128080704.1 24.2317 98.0132 0.8 1.4
20241128003811 24.373 98.1227 12.7 2
20241128031510.5 24.3188 97.9443 10.3 0.4
20241128064325 24.2155 98.0558 4.8 0.2
20241128073333.2 24.1617 98.1008 15.6 1
20241128100635.7 24.1957 98.108 6.4 0.7
20241128055549 24.249 98.0648 -0.6 2.2
20241128065544.1 24.2822 98.1453 12.4 0.2
20241128073507.4 24.2643 98.0398 22.5 0.8
20241128081810.6 24.142 98.1437 12.3 1
20241128105411.9 24.2577 98.1987 18 2
20241128143525.4 24.2922 98.078 0.6 -0.1
20241128182017.9 24.2853 98.0785 0.2 -0.3
20241128224824.2 24.3032 98.0868 2.5 -0.1
20241128003957 24.2585 98.1398 19.5 0.2
20241128042812.8 24.3198 98.045 20.5 0.5
20241128080513.1 24.2728 98.072 12.3 1
20241128093200.3 24.1357 98.164 4.2 2.1
20241128110830.6 24.3967 98.1353 13.3 0.2
20241128024617.4 24.2822 98.0315 17 2.2
20241128034012.7 24.411 97.9935 3.9 2.2
20241128060556 24.2482 98.0793 8.2 0.4
20241128071704.4 24.0008 97.9902 13.9 0.9
20241128085210.1 24.3112 98.0693 -0.6 0.3
20241128092639.3 24.2128 98.176 18.2 0.6
20241128105129.4 24.354 98.1678 30.2 2
20241128174051.5 24.3298 97.9727 23.1 1.3
20241128192855.8 24.3045 97.9883 0.2 0.6
20241128010555 24.2457 98.1557 9.9 0.9
20241128014430.9 24.3528 98.1733 25.6 0.1
20241128100022.3 24.354 98.1058 14.8 1.5
20241128112802.2 24.3582 98.0432 14.2 2
20241128125144.6 24.3023 97.9835 14.4 1.7
20241128015029.4 24.3757 97.7393 31.2 2
20241128030830.3 24.2255 98.1552 2.5 1.1
20241128045357.5 24.1582 98.1078 18.5 0.4
20241128072406.2 24.2523 97.9348 11.7 1.2
20241128115550.5 24.2323 98.1843 21.7 1.6
20241128003013.7 24.3783 97.9877 26.7 1.1
20241128010719 24.1365 98.068 11.7 1.3
20241128101909.7 24.2602 98.1173 0.8 1.2
20241128103128 24.278 98.1365 13.4 0.6
20241128234618.6 24.0443 98.0415 10.6 0.8
20241128000107.3 24.1957 97.9747 3.1 1
20241128011456.9 24.3633 98.0112 8.1 2.1
20241128021912.7 24.3917 98.029 17 1
20241128065934.6 24.2678 98.1108 -0.1 1.3
20241128082038.2 24.2908 98.117 -0.2 1.8
20241128082700.6 24.3337 98.1465 5.4 0.7
20241128152317 24.2732 98.0835 21.5 0.3
20241128164351.1 24.2962 98.0605 -0.6 0
20241128174801.1 24.2802 98.0955 0.1 0.3
20241128222332.3 24.237 98.0972 1.5 0.7
20241128001102.1 24.3625 98.0063 27.1 0.4
20241128001820.3 24.1662 98.23 19.5 0.9
20241128110750.8 24.3452 98.1313 12.9 1.2
20241128210532.2 24.3793 97.9757 10.9 1
20241129121011.7 24.3677 98.1752 0.8 0.5
20241129142747.8 24.284 98.2532 7.8 1.1
20241129063824.8 24.2773 98.089 4.9 2.5
20241129190803.9 24.278 98.09 4.8 0.6
20241129124638.7 24.3097 98.1833 0.9 0.5
20241129012435.5 24.3522 98.0782 2.1 0.9
20241129225654.6 24.2825 98.0712 5.3 0.6
20241129121110.7 24.281 98.0838 4.4 0.7
20241129185212.6 24.3952 98.0575 6.2 0.6
20241129095845 24.3493 98.1867 16.3 1.9
20241129051020.4 24.2545 98.1808 0.9 0.8
20241129175520.1 24.2953 98.1032 3.2 0.2
20241129231555.1 24.3422 98.0978 4 0.3
20241129023748.8 24.3225 98.1848 4.8 0.5
20241129065826.9 24.3798 98.3037 11.9 1
20241129115311.4 24.2938 98.0877 0.7 0
20241129153633.9 24.2968 98.0825 0.3 0
20241129223048.3 24.322 98.1033 0.8 0.1
20241129113638.7 24.3253 98.1555 0.4 0.1
20241129015934.6 24.2918 98.0795 1 0.4
20241129193344.4 24.2858 98.0795 0 -0.1
20241129102249.6 24.2732 98.0608 1 0.5
20241129202000.2 24.1327 98.188 18.8 0.6
20241129052250.9 24.4682 98.3352 16.7 0.8
20241129222235.6 24.2798 98.0967 2.8 0.1
20241129041506.9 24.39 98.1112 12 0.8
20241129094117.1 24.1582 98.062 6.5 1.2
20241129094749.9 24.4275 98.0075 33.2 1.6
20241129095348.7 24.2282 98.058 18.4 1.9
20241129201943.7 24.2367 98.0632 0.7 0.9
20241129000440.2 24.2562 98.1893 0.4 0.6
20241129060215.2 24.3147 98.1765 -0.6 1.8
20241129012813.2 24.4127 98.1937 16.2 1.2
20241129024147.5 24.2467 98.0005 22.6 0.5
20241129034735 24.4055 97.8857 27.2 1.6
20241129035346.1 24.2407 98.1983 15.3 0.7
20241129035745.4 24.2993 98.0637 -0.1 1.1
20241129045211.3 24.464 97.9255 12.8 1
20241129051511.5 24.4623 97.929 14.8 1.7
20241129053642.9 24.2883 98.097 11.3 1.8
20241129071956.6 24.2768 98.1347 0.8 0.5
20241129103242.4 24.4328 98.1032 8.5 0.9
20241129111359.5 24.1938 98.1833 18.5 0.2
20241129160849 24.2877 98.0972 1.5 -0.1
20241129015635 24.2543 98.1008 7.8 1.4
20241129071526.5 24.1852 98.0957 17.6 2.7
20241129095321.4 24.34 98.1018 0.6 1.3
20241129000005.6 24.3287 98.0805 7.8 0.2
20241129021702.9 24.364 98.083 34.8 0.6
20241129075415.3 24.4945 98.1422 26.5 0.9
20241129101845.3 24.2965 98.0892 12.4 1.5
20241129112646.1 24.2652 98.0333 12 1.1
20241129040046.5 24.1438 98.1492 8.5 0.9
20241129043047.5 24.2582 98.0845 0.6 2
20241129052331.8 24.2038 98.0223 4 1.1
20241129103658.4 24.2987 98.1102 6.9 2.1
20241129151723.9 24.2948 98.0808 0 -0.3
20241129013724.3 24.2915 98.0448 13.1 0.7
20241129024122.4 24.2267 98.2023 12.7 2.1
20241129211123.8 24.4175 98.0918 15.3 -0.3
20241129044449.8 24.5163 98.0968 6.3 1.2
20241129063923.6 24.2997 98.0505 16 1.6
20241129004559.1 24.2732 98.0735 0.1 0.8
20241129094128.1 24.2655 98.0958 10.8 2.1
20241129101633 24.23 98.0357 16.3 3
20241130031651.2 24.2785 98.0928 4.9 2.1
20241130113242 24.3743 98.0987 2.4 0.9
20241130121517.2 24.2538 98.018 5.1 1.1
20241130164354.1 24.3132 98.0885 4.6 0.4
20241130040758.3 24.3228 98.1293 8.6 0.9
20241130162645.6 24.2472 98.1112 8.9 0
20241130040321.2 24.2835 98.0748 1.1 0.5
20241130161213.7 24.2755 98.0728 3.2 0.3
20241130165818.9 24.3307 98.2003 10.3 0.6
20241130164225.8 24.3153 98.0968 1.2 0
20241130130741.7 24.31 98.1607 1 0.3
20241130144201.3 24.3232 98.0995 7.3 0.5
20241130152038.1 24.3467 98.1728 -0.1 0.2
20241130230551.7 24.2193 98.1232 14.9 0.4
20241130151253.3 24.2833 98.0723 -0.1 0.3
20241130191710 24.343 98.1512 4.5 0.1
20241130002150.5 24.1637 98.2277 6 1.4
20241130060347.2 24.3062 98.0913 2 0.4
20241130075244.8 24.2722 98.0722 2.5 1.4
20241130110602.8 24.3088 98.0808 4.8 0.2
20241130042431.9 24.2305 98.0128 0.8 0.3
20241130212814.3 24.28 98.0813 0.7 0
20241130081808.2 24.2278 98.1057 15.4 1.7
20241130164859.6 24.281 98.0792 1.1 0
20241130085910.8 24.28 98.0815 0.8 0.8
20241130170401.7 24.282 98.0628 0.7 0.2
20241130173315.8 24.3322 98.0562 0.4 0.2
20241130050848.8 24.2733 98.1523 0.5 0.7
20241130052701.5 24.1475 98.4268 25.4 0.7
20241130083359 24.2842 98.0723 4.4 0.7
20241130103233.6 24.1427 98.1585 21.4 1.3
20241130123817.3 24.29 98.0733 1.3 0
20241130002837.7 24.3805 98.269 32.7 1.5
20241130032157.6 24.5065 98.0427 7.3 1.7
20241130045458.4 24.3745 98.1265 0.5 0.1
20241130054139.7 23.9903 97.9202 31.5 1.6
20241130081106.8 24.1968 97.9853 29 0.9
20241130105211.7 24.1172 98.1903 11.2 0.4
20241130023020.3 24.311 98.1002 7 1
20241130041359.1 24.2665 98.0578 0.6 0.6
20241130042251.5 24.316 98.1458 29.4 1.5
20241130060549.1 24.1293 98.0082 4.2 1.4
20241130073138.5 24.2578 98.1637 11.7 0.9
20241130085943.5 24.2588 98.382 20.7 1.2
20241130142132 24.3218 98.1583 0.1 -0.1
20241130022828.2 24.328 98.2745 16 1.2
20241130062927.5 24.1233 97.9585 16.9 1.5
20241130123038.9 24.3127 98.1322 4.2 0.1
20241130124058.1 24.297 98.008 20.6 0.7
20241130150304.9 24.295 98.088 0.8 -0.3
20241130062222.7 24.2895 98.088 0.3 0.9
20241130145400.3 24.3225 98.1457 -0.3 0
20241130001630.1 24.2462 98.1885 12.5 0.9
20241130030525.5 24.648 98.1657 27.9 1.1
20241130081417.6 24.2783 98.1423 2.7 1.6
20241130085120.5 24.2805 98.0925 -0.5 0.9
20241130123900.3 24.2905 98.1722 23 1.5
20241130161928.7 24.3878 98.2073 7.7 0.6
20241130063011.3 24.1848 98.2107 9.5 0.7
20241130080246.3 24.2912 98.141 3.4 1.3
20241130095522.6 24.2593 98.0777 11.9 2
20241130153502.1 24.2838 98.1108 14.1 0.7
20241130071008.2 24.2652 98.048 3.4 1.7
20241130122044.1 24.3985 97.951 6.9 0.5
20241130011428 24.14 98.1342 11.1 2
20241130034110 24.294 98.0727 2.1 1
20241130054415.1 24.2547 98.2475 16.1 0.6
20241201225431.3 24.2848 98.0998 3.9 0.5
20241201155625.7 24.2787 98.081 5.1 0.5
20241201173321.1 24.278 98.082 4.9 0.5
20241201041155 24.1162 98.1615 6 1.4
20241201222828.3 24.2925 98.1107 5 0.3
20241201081611.3 24.2947 98.055 2.5 0.9
20241201194223.4 24.2925 98.0948 0.9 0.3
20241201171951.7 24.2872 98.0962 1.1 0.2
20241201070757.9 24.324 98.0992 3.6 0.9
20241201103544.2 24.3605 98.1515 5.6 0.8
20241201211904.5 24.2717 98.0747 0.8 0.3
20241201070228 24.282 98.0747 0.8 0.7
20241201142422.5 24.251 98.008 14.3 0.4
20241201132338.4 24.2882 98.082 2.2 0.3
20241201221642.4 24.2947 98.064 1 0
20241201083331.8 24.3493 98.183 2.6 0.6
20241201230450.3 24.3822 98.2185 1.1 0.1
20241201184636.5 24.281 98.077 4.3 -0.1
20241201003434.6 24.279 98.068 0.5 0.2
20241201115726 24.2795 98.0743 1 0.2
20241201151523.8 24.4358 98.1513 16.6 0.6
20241201191539 24.3005 98.0847 0.8 -0.2
20241201221216.9 24.3297 98.1572 0.6 0.3
20241201195920.8 24.234 98.0707 3.7 0.1
20241201062219.9 24.0977 97.9317 16.2 0.9
20241201095346.8 24.3492 97.9413 24.6 1.1
20241201104351.5 24.2828 98.1533 2.3 0.2
20241201024416.1 24.2767 98.0867 18.7 1.2
20241201081923 24.3325 98.1432 5.5 0.6
20241201122646 24.3155 98.0307 19.7 0.8
20241201091816 24.4575 98.1573 19 0.6
20241201122521.7 24.2995 98.0813 -0.5 0.1
20241201214708.4 24.1097 97.9813 14.7 0.2
20241201233617 24.2837 98.0868 0.7 0.4
20241201052932.1 24.2078 97.82 18.5 1.3
20241201080836.1 24.2318 98.1253 3.9 2.1
20241201105350.6 24.3792 98.1597 -0.3 1.5
20241201023014.9 24.223 98.1228 21.6 0.5
20241201052656.1 24.344 98.1342 5.9 1.7
20241201055857.4 24.2713 98.023 5.1 0.6
20241201061851.1 24.3355 98.2817 8.5 0.9
20241201005705.3 24.305 98.0113 3.9 0.4
20241201022505.6 24.3123 98.0772 1.1 0.4
20241201023343.5 24.228 98.0983 16.4 0.9
20241201023813.9 24.3027 98.0593 5.9 1.3
20241201031408.7 24.4088 97.8335 13.3 0.6
20241201040738.2 24.3405 98.0997 8.3 0.3
20241201105442.9 24.3252 98.133 3.5 1.1
20241201143634.2 24.3053 98.0682 12.2 0.6
20241201163324 24.2062 98.117 7 0.4
20241201025225.8 24.3235 98.056 34.1 0.6
20241201034922.4 24.2508 98.1847 19.1 0.6
20241201045924.6 24.3548 98.112 14.5 0.9
20241201085700.3 24.329 97.9723 10.3 0.9
20241201141024.6 24.314 97.9517 0.8 0.2
20241201211904.3 24.275 98.0853 1.7 0.2
20241201032618.6 24.2177 97.9837 13.1 0.9
20241201070526.7 24.3872 98.1667 2 0.9
20241201124500 24.4388 98.0772 0.8 1
20241201125105.1 24.185 98.0175 11.3 0.4
20241201134232.1 24.4028 97.8895 23.7 0.8
20241201143440.2 24.3047 98.1663 4.6 0.5
20241201014031.1 24.2578 98.121 15.9 0.5
20241201075137.1 24.2362 98.0333 10 0.8
20241201085929.4 24.3302 98.1313 10.4 2.2
20241201111847.8 24.2462 98.1408 16.3 0.7
20241201193529.1 24.3492 98.241 11.8 0
20241201081701.9 24.0813 98.146 9.5 0.7
20241201131406.3 24.2913 98.1507 0.5 0.7
20241201140120.4 24.346 98.0082 13.1 1.1
20241201140847.4 24.2782 98.0522 -0.3 0.4
20241201232916.2 24.283 98.1372 0.8 0.4
20241201085622.2 24.3757 98.049 23.9 0.7
20241201024047.6 24.0087 97.8495 18.6 1.6
20241201103802.8 24.1905 97.8938 13.4 1
20241201105540.8 24.2637 98.3367 20.3 0.8
20241202141407.6 24.2688 98.0907 3.3 1.8
20241202213725.2 24.2905 98.1012 4.7 0.7
20241202093738.7 24.1125 98.2615 11.8 1.7
20241202055538.4 24.4013 98.3468 9.6 1.9
20241202074022.6 24.284 98.0972 5.3 1.1
20241202104711.3 24.2745 98.082 4.4 0.8
20241202042454.2 24.2743 98.1877 26.1 1.9
20241202183333.9 24.2928 98.0907 7.9 0.6
20241202221152.3 24.3307 98.1008 5.4 0.6
20241202184145.7 24.1323 98.1552 6.7 0.5
20241202181244.1 24.2887 98.071 2.2 0
20241202104218.1 24.3252 98.1663 5.4 0.8
20241202201330.3 24.1522 98.0703 15.6 0.9
20241202195413.7 24.281 98.0775 0.9 0
20241202212028.5 24.3313 98.2293 8.3 0.2
20241202102758.8 24.2817 98.103 2.9 0.5
20241202000552.4 24.2905 98.0858 2.8 0.4
20241202111050.7 24.336 98.1515 4.4 0.3
20241202115947.6 24.2897 98.0887 3 0.2
20241202234035 24.3015 98.0888 1.5 0
20241202151456.3 24.2863 98.073 0.4 0
20241202015642.7 24.2768 98.0748 1 0.4
20241202165135.8 24.2792 98.1097 0.8 -0.1
20241202010215.7 24.1005 98.0438 34.5 1.5
20241202184301.5 24.257 98.1538 15.4 1.5
20241202072314.9 24.2255 98.3965 13.9 0.7
20241202075547.6 24.3443 98.0525 -0.5 0.1
20241202093144.9 24.2522 98.1805 12 1
20241202210935.9 24.2737 98.078 2.8 -0.1
20241202071811 24.2097 98.0757 6.2 0.9
20241202071918.7 24.3238 98.097 3.2 1
20241202085234.6 24.2222 97.9633 9.5 0.9
20241202094056.2 24.0412 97.9463 6.1 1
20241202115305.9 24.284 98.0822 1.4 -0.2
20241202021611.3 24.282 98.1172 -0.3 2
20241202055120.2 24.2057 98.217 19 1.9
20241202112022.9 24.3103 98.0368 12.5 1.4
20241202181310.5 24.2275 98.1105 -0.3 0.2
20241202001219.9 24.3158 98.1898 6.5 0.3
20241202011517.9 24.2517 98.1682 7.9 0.5
20241202061304.8 23.9957 98.2008 9.8 1
20241202072954.4 24.3123 97.96 0.7 2.4
20241202073348.6 24.0803 98.1645 6.7 1
20241202092006.7 24.2642 98.1273 13.2 2.3
20241202093235.9 24.3895 98.0975 8.1 2.1
20241202104600.5 24.3225 98.1555 0.8 0.1
20241202215722.4 24.2967 98.1033 0.5 -0.1
20241202222337.9 24.2905 98.0787 5 0
20241202004043.8 24.1145 98.1058 17.8 0.8
20241202045541.4 24.3737 98.219 0.8 2.1
20241202052250.2 24.3155 98.107 16.5 1.2
20241202075116.6 24.3223 98.2498 29 0.6
20241202164333.1 24.2843 98.096 -0.1 0.3
20241202091013.7 23.9838 98.1568 25.3 1.8
20241202093319.6 24.3062 98.0493 -0.3 0.7
20241202110217.2 24.3563 98.0878 4.7 0.3
20241202003821.4 24.1633 98.0425 9.8 1.5
20241202011832.3 24.4493 98.258 15.9 0.2
20241202143856.1 24.2867 98.082 -0.6 -0.6
20241202022051.4 24.2715 98.1202 0.1 1.5
20241202075031.4 24.3267 98.1025 9.1 0.7
20241202155240.6 24.1758 98.0437 4.3 1.4
20241202180308.9 24.1425 98.1072 11.8 0.2
20241202041148.5 24.1932 98.1087 10 0.7
20241202090823.5 24.2248 98.2892 15 0.6
20241202091814.3 24.5373 98.03 9.8 1
20241202111024.2 24.2368 98.1048 28.9 1.6
20241202123234.9 24.2923 98.0495 12 0.5
20241202172620.7 24.2693 98.0478 3.3 -0.2
20241202202337.4 24.2628 98.1038 -0.3 0.7
20241202213824.8 24.307 98.0912 8.6 0
20241202223617.2 24.1647 98.1158 15.6 0.6
20241202095938.8 24.273 98.0548 0.6 0.8
20241202104711.1 24.276 98.0852 5.1 0.9
20241202145547.3 24.3725 98.135 0.8 -0.2
20241202222338.6 24.2807 98.0748 0.7 -0.2
20241203162104.5 24.279 98.0922 4.7 1.8
20241203031503.2 24.2767 98.092 5.2 1.9
20241203141840.5 24.2792 98.0915 5.3 0.9
20241203203457.7 24.2225 98.1415 6 0.7
20241203195400.8 24.2098 98.1508 3.3 0.2
20241203124737 24.2802 98.0855 6.9 0.7
20241203123654.5 24.2848 98.0997 6.2 0.7
20241203235421.2 24.2182 98.1605 3.6 0.5
20241203180559.8 24.2823 98.0885 5.5 0.2
20241203043221.1 24.2653 98.0942 1.4 0.7
20241203085823.4 24.1653 98.2825 3.2 1.2
20241203211351.6 24.3017 98.1112 1.9 0.1
20241203053122.6 24.2763 98.082 2.5 0.5
20241203235435.8 24.1438 98.1647 11.4 1.2
20241203195438.4 24.1277 98.2217 0.8 0.1
20241203205823.3 24.2857 98.0868 0.9 -0.2
20241203152657.3 24.2873 98.0803 0.6 0
20241203225633 24.2892 98.095 1.7 0.1
20241203160530.4 24.1983 98.1733 3.5 0.1
20241203225602.6 24.2883 98.0938 3.3 0.1
20241203023939.7 24.3322 98.1643 1.6 1.1
20241203122757.7 24.2713 98.0755 0.7 0.1
20241203205215.1 24.285 98.0757 0.5 -0.2
20241203023911.8 24.309 98.1233 7.2 0.6
20241203160650.9 24.3183 98.14 3 0
20241203055026 24.1927 98.2235 6.2 1.1
20241203224939.3 24.2855 98.1688 0.8 0.1
20241203173452.3 24.2848 98.2003 5.6 1.4
20241203035102.9 24.3953 97.914 31.6 1.9
20241203075310.5 24.3827 98.1025 8.3 1.3
20241203021345.9 24.2173 98.0488 7.6 0.9
20241203071317.7 24.344 98.1715 0.8 1.5
20241203065919.2 24.1722 98.0025 17 2.1
20241203072056.4 24.2328 98.0748 3.5 1.6
20241203203848.7 24.3107 98.132 10.7 -0.1
20241203223952.7 24.3133 98.179 -0.5 -0.2
20241203040438.8 24.19 98.2412 13 1.3
20241203045843.1 24.3822 98.154 9.2 0.9
20241203053905.5 24.2572 98.2425 31.9 1.8
20241203055349.8 24.279 98.1415 0.7 1.5
20241203062338.9 24.3875 97.934 28.9 0.9
20241203083205.2 24.2708 98.1097 0.2 0.9
20241203094300.8 24.204 97.9895 8.6 0.7
20241203103421.5 24.4575 97.7718 19.7 0.3
20241203172904.7 23.9977 98.2013 19.8 -0.1
20241203040115.7 24.2712 98.1198 6.8 1.6
20241203051517.6 24.1998 98.2282 13.2 0.9
20241203053026.7 24.3018 98.1148 1.2 1.7
20241203201007.6 24.3022 98.2003 0 0.1
20241203231947.4 24.6035 98.0612 10 0.7
20241203000001.2 24.39 97.9765 28.8 0.2
20241203001241.5 24.3858 98.1365 14.2 1.3
20241203034917 24.203 98.2632 28.5 1.8
20241203044054.9 24.3258 98.0817 27.5 1.2
20241203044313 24.4162 97.9713 7 0.8
20241203065102.6 24.4028 97.9787 14.8 2.2
20241203080011 24.4098 97.9738 3.9 1.1
20241203151651.2 24.2598 98.2667 8.3 0.2
20241203190403.3 24.2683 98.0847 2.2 -0.1
20241203214446.1 24.26 98.1117 12.6 0.2
20241203035347.9 24.2975 98.1022 9.5 1.2
20241203044231.6 24.2495 98.0973 9.2 0.9
20241203045405.7 24.4628 98.1313 10.9 1.5
20241203195400.1 24.172 98.1798 1.1 0.4
20241203040650.7 24.1768 98.1363 8 1.8
20241203124809.6 24.292 98.0802 0.1 0
20241203131614.8 24.2633 98.1355 -0.4 0.6
20241203141206.6 24.2697 98.0887 2.5 0.2
20241203065535.3 24.115 97.9898 12.6 2.8
20241203091227.6 24.1708 97.9273 34.9 1.4
20241203031911.6 24.3628 98.0668 2.9 1.5
20241203080250.6 24.1173 98.2198 7.2 1.8
20241203164245.8 24.3585 98.1512 19.8 -0.5
20241203052336.9 24.2065 97.8877 7 0.6
20241203055027.9 24.3405 98.0858 1.7 0.7
20241203074813.9 24.1738 98.0645 20 1.8
20241204094458.2 24.2773 98.0927 5.7 1.4
20241204204915.4 24.2777 98.0653 5.7 2.7
20241204141654.3 24.2802 98.0923 3.7 1.4
20241204225359.5 24.278 98.094 4.8 0.9
20241204014733.9 24.2763 98.0783 5.5 1.2
20241204021234.5 24.2793 98.0917 3.7 1.4
20241204184300.2 24.2775 98.0677 5.2 0.8
20241204192552.5 24.2263 98.157 5.7 0.9
20241204213349.6 24.286 98.0655 4.9 0.4
20241204212217.7 24.3045 98.1057 4.4 0.4
20241204065519.5 24.189 98.1525 4.7 0.6
20241204040020.6 24.2695 98.2038 0.8 0.9
20241204221921.9 24.2633 98.0475 1.8 0.3
20241204223538.5 24.3752 98.2143 8.9 0.5
20241204114734.3 24.2767 98.109 3.5 0.4
20241204091132.2 24.2757 98.0982 3.2 0.7
20241204124931.9 24.2737 98.0553 13.3 0.5
20241204232905.6 24.2957 98.1122 1.5 0.3
20241204221643.8 24.2688 98.071 2.6 0
20241204170547.9 24.2873 98.0827 5.2 0
20241204000450.5 24.2707 98.0552 4.2 0.3
20241204220825.4 24.5563 98.1077 8.9 0
20241204004727.6 24.272 98.0635 1 0.4
20241204012247.1 24.2792 98.0835 0.9 0.5
20241204095117.1 24.2375 98.0682 3.5 0.4
20241204204608.6 24.3453 98.227 5.9 0
20241204130438.6 24.1808 98.1758 4.7 0.5
20241204013844.7 24.2793 98.1052 0.8 0.3
20241204060156.2 24.2738 98.0685 0.5 0.1
20241204222910.1 24.34 98.0812 0.8 0.1
20241204090159.3 24.3767 98.3643 17.8 2.5
20241204171524.9 24.2677 98.0822 0.3 -0.1
20241204010857.4 24.2995 98.086 0.8 0.4
20241204061242.8 24.0825 98.2162 13.1 0.9
20241204140521.8 24.2795 98.0785 0.7 0
20241204014258.2 24.2115 97.9362 24.7 1.1
20241204042100.3 24.3195 98.0087 4.1 0.7
20241204121700.1 24.2815 98.0522 5.1 0.3
20241204062449.7 24.3457 98.0867 1.8 1.6
20241204070822.2 24.2563 98.1463 35 1.4
20241204095319.2 24.5755 98.0167 41.9 0.7
20241204032057.7 24.2872 98.0287 0.8 1.4
20241204033223 24.4088 98.093 0.8 1.4
20241204034949.4 24.3178 98.1003 0.5 2.3
20241204040629.8 24.251 98.171 7.7 0.6
20241204044708.5 24.2472 98.1685 7.3 1.2
20241204061513.9 24.4473 98.0205 61.4 1.8
20241204071521.9 24.4075 98.1597 5.5 1.4
20241204081120.7 24.4205 98.0852 0.7 1.1
20241204084035.4 24.2758 98.1118 6.3 0.9
20241204090400.3 24.3973 98.0957 13 1.8
20241204120224 24.0333 97.9355 18.3 0.5
20241204150201.1 24.2523 98.1517 17.9 -0.2
20241204211644.4 24.3138 98.2323 0.8 1
20241204234236.4 24.1898 98.27 36 0.4
20241204020803.6 24.3262 98.3188 16 2.5
20241204041013.5 24.1455 98.2145 3.7 1.4
20241204052959.8 24.2588 98.0427 0.5 0.1
20241204110047.4 24.3048 98.092 2 0.3
20241204124747.1 24.3428 98.0202 10.7 1.1
20241204214251.6 24.3387 98.0595 4.7 0
20241204034636.1 24.4622 98.1388 18.8 0.8
20241204040135 24.2912 98.243 5.7 1.7
20241204081610.9 24.2698 97.9408 34.9 0.7
20241204090139 24.197 98.2367 7.7 1.8
20241204094120.2 24.1653 97.5855 26 0.9
20241204095218.5 24.285 98.2037 23.5 0.7
20241204104116.2 24.213 98.2528 7.2 0.9
20241204121737.6 24.3092 97.9325 19.8 0.5
20241204213609.3 24.2765 98.0397 1.9 0
20241204021519.9 24.1623 98.064 17.7 0.9
20241204061458.8 24.268 98.1655 -0.2 1.8
20241204200709.4 24.239 98.1638 0.8 0
20241204020956.4 24.3793 98.0892 13.1 0
20241204032453.2 24.224 98.1868 -0.5 0.9
20241204041843.6 24.5317 97.99 15.2 0.8
20241204063313.6 24.3372 98.1755 0.7 0.7
20241204080400.3 24.2905 98.073 1.5 0.5
20241204114955.3 24.2058 98.1773 7.9 0.7
20241204125544.2 24.2215 98.1978 2 1.2
20241204133503 24.2373 98.0975 6 0.3
20241204134715.4 24.3232 98.211 39.1 0.4
20241204135300.2 24.3198 98.0853 3.4 0.3
20241204152317.1 24.3052 98.0593 0.4 0.6
20241204162056.8 24.283 98.0853 0 -0.2
20241204175400.4 24.2688 98.1173 11 0
20241204203858.4 24.256 98.0582 9.5 0.6
20241204223627.7 24.2938 98.1068 -0.2 -0.2
20241204000835.4 24.3068 98.0635 6.5 1.3
20241204010405.5 23.9033 98.1055 55.2 0.5
20241204101634.4 24.2738 98.0767 25 1.7
20241204192328.3 24.0793 98.0018 11.7 0.4
20241204070352.1 24.2548 98.0617 13.7 1.7
20241204124803.2 24.2372 98.0803 6.2 0.7
20241204134103.9 24.2857 98.0793 12.6 1
20241204175442.2 24.3363 98.0982 0.6 0.1
20241204205745.8 24.1987 98.0822 18.3 0.1
20241204223558.5 24.3187 98.1702 5.1 0.1
20241204225003.4 24.3265 98.154 3.8 -0.2
20241204234221.2 24.2052 98.0828 11 1
20241204094545.5 24.2872 98.0123 11.6 0.4
20241204224656.7 24.2147 98.1248 4.5 0.4
20241205062214.7 24.3923 98.2218 0.7 1
20241205060251.9 24.3113 98.1467 8.2 0.9
20241205080118.6 24.2107 98.1418 5.6 0.8
20241205195750.1 24.3585 98.1362 1.3 0.2
20241205034733.9 24.1027 98.1912 5.5 1.3
20241205202147.6 24.1363 98.1923 6.1 0.3
20241205194734.7 24.1097 98.1812 0.8 0.3
20241205063816 24.2913 98.0912 1.8 0.7
20241205211138.8 24.283 98.051 2.8 0.4
20241205010526.7 24.2903 98.0685 0.8 0.6
20241205124934.2 24.2578 98.0587 7.6 0.4
20241205045153.5 24.4422 98.2653 6.7 0.4
20241205005338.9 24.3077 98.1122 6.1 0.5
20241205063354.7 24.3028 98.0872 1 0.4
20241205102839.5 24.2948 97.8693 26.4 0.5
20241205120129.1 24.2942 98.0897 2 0.1
20241205013226.1 24.3453 98.0695 0.8 0.6
20241205203754.6 24.3088 97.8508 30.4 1.1
20241205192708.1 24.2973 98.0878 1.7 -0.1
20241205064346.2 24.2828 98.092 1.4 0.6
20241205144545 24.3247 98.1442 0.3 0.1
20241205230448.5 24.3268 98.203 0.6 0.3
20241205012249 24.1692 97.8763 21.7 0.8
20241205054227.9 24.2335 98.0595 21.1 1
20241205063201.7 24.2472 98.0698 19.5 1
20241205013719.1 24.3343 98.1665 5.4 0.5
20241205055600.2 24.4788 98.2433 29.5 0.7
20241205023825.9 24.2285 98.0765 1.3 1.5
20241205085213.2 24.299 98.4097 19.1 1.4
20241205110354.7 24.3505 98.1543 7.2 0.5
20241205163220.8 24.2798 98.1047 6 0
20241205003653.9 24.2895 98.405 18 1
20241205093137.8 24.2798 98.187 5.2 1.2
20241205103006.2 24.1668 98.1717 4.3 0.7
20241205120352.8 24.248 98.0667 0.7 -0.2
20241205134207.2 24.194 98.0355 6.1 -0.1
20241205221817.7 24.3633 98.1617 1.7 0
20241205000003.5 24.1642 98.1785 14.1 0.3
20241205021206.3 24.2183 97.9653 12.3 0.8
20241205022405.4 24.2458 98.0795 5.2 1
20241205034941.4 24.2298 98.146 12.8 1
20241205072448.4 24.2623 98.3528 6.1 2
20241205124949.6 24.2675 98.0625 -0.4 0.6
20241205193137 24.2633 98.0847 1.4 0
20241205022445.1 24.3635 98.0618 12.8 1.2
20241205051705.2 24.4582 98.2042 18.1 1.4
20241205055845.8 24.2068 98.1627 11.6 0.5
20241205112507.4 24.334 98.1743 -0.1 1.4
20241205024004.2 24.3308 98.0023 14.9 0.9
20241205102008.5 24.4035 98.1738 5.2 1.2
20241205104747.6 24.1785 98.2172 10.4 0.7
20241205235420 24.2377 98.0363 0.8 0.7
20241205000152.8 24.3913 98.1103 20.5 0.5
20241205042907.4 24.3387 98.1773 16.2 1.3
20241205092739.5 24.472 98.1737 11.3 2.1
20241205171811.3 24.1752 98.0005 33.4 0.4
20241205031512 24.1878 98.031 5.2 2
20241205032740.1 24.201 97.9455 11 1.1
20241205104815 24.2725 98.1305 0 1.3
20241205144740.9 24.107 98.3567 19.9 0.5
20241205161930.7 24.3263 98.1338 0.7 0.7
20241205231848.9 24.213 98.1758 6.1 0.9
20241205014120.6 24.3057 98.0727 3.7 1.3
20241205024416.4 24.217 98.0992 13.3 0.8
20241205031238.1 24.3175 98.1632 6.5 0.3
20241205042303.7 24.3208 98.3377 15.8 1.2
20241205152051.3 24.1078 98.1438 17.9 0.3
20241205214251.8 24.2472 98.0113 0.8 0.4
20241205060251.9 24.3117 98.1467 8.4 0.9
20241205130429.8 24.3248 98.0953 2.1 0.2
20241205165353.3 24.4058 98.1103 22.9 1
20241205220257.5 24.158 98.2267 0.7 0.3
20241205020149.1 24.3498 98.0677 -0.1 1.2
20241205053146.1 24.239 98.0207 3.7 1.1
20241205094131.2 24.2473 98.0433 8.2 1.9
20241205170115.4 24.1435 98.2267 14.2 0.1
20241205183814.6 24.3222 98.041 11.3 0.8
20241206134808.6 24.1933 97.9047 15.6 0.5
20241206192023.1 24.2595 98.0573 7 1
20241206030543.2 24.174 98.129 3.1 1.2
20241206130645.8 24.2588 98.0555 7.1 1.2
20241206185848.4 24.2737 98.0487 6.9 2.1
20241206130410.5 24.2613 98.0542 7.7 3.2
20241206204140.5 24.2603 98.057 7.3 1.4
20241206190616.6 24.2578 98.0547 7.3 1.7
20241206190700.8 24.262 98.053 7.1 1.2
20241206185813.9 24.2605 98.0535 7.7 3.2
20241206132538.8 24.26 98.0578 7.2 1.6
20241206204251.5 24.26 98.0565 7.2 1.1
20241206191445.6 24.2595 98.0525 7 0.9
20241206151857.7 24.2605 98.052 6.9 1
20241206133200.6 24.2612 98.053 7.3 1
20241206012543.2 24.1595 98.1773 5.8 1.5
20241206211726.7 24.2743 98.0908 5 0.7
20241206015745.6 24.1362 98.183 7.3 1.2
20241206060202.2 24.1885 98.3205 4.3 1.3
20241206132455 24.2607 98.0543 7.6 0.8
20241206173724 24.2615 98.055 7.5 0.6
20241206155618.6 24.2613 98.05 7.2 0.8
20241206200635.1 24.2593 98.0507 7.1 0.7
20241206131929.4 24.2613 98.0542 7.3 0.9
20241206044417.5 24.149 98.1923 3.8 1.3
20241206130758.1 24.265 98.0515 7.3 0.8
20241206191323.7 24.2612 98.0583 7.3 1.7
20241206150905.1 24.2798 98.0263 0.7 0.6
20241206041323.5 24.3825 98.16 5.3 1
20241206205312.6 24.265 98.0417 6.4 0.6
20241206130919.9 24.2617 98.0558 7.5 0.8
20241206150037.6 24.2615 98.0455 7.1 0.6
20241206203329.6 24.2608 98.056 7.6 0.5
20241206204004.5 24.2653 98.0472 7.8 0.6
20241206131100.7 24.2772 98.0497 8.6 0.7
20241206185957.7 24.2655 98.0562 7.3 0.5
20241206190026.3 24.3195 98.0493 22.4 0.9
20241206194059.2 24.2613 98.0552 8.1 0.6
20241206114356.8 24.1488 98.2008 0.5 0.4
20241206004653 24.2193 98.1585 14 0.9
20241206193037.1 24.2603 98.0463 7.6 0.5
20241206210821.7 24.3197 98.0807 1.1 0.2
20241206124116.4 24.2788 98.0665 1.4 0.4
20241206194730.5 24.2795 98.0587 5.2 0.4
20241206200125.1 24.2543 98.0257 0.7 0
20241206132956.4 24.2765 98.0615 6 0.5
20241206195644.8 24.2962 98.103 3.4 0.2
20241206211353.2 24.2567 98.0705 0.8 0.1
20241206012558.6 24.1343 98.0695 7.7 2.2
20241206190422.9 24.2823 98.0572 5.3 0.4
20241206130827.1 24.2892 98.0537 2.3 0.3
20241206171602.6 24.2733 98.0463 7 0.1
20241206000101.6 24.2775 98.0678 1.2 0.2
20241206191050.8 24.2702 98.055 7.4 0.4
20241206060903.8 24.3145 98.1972 4 0.7
20241206232922.1 24.2713 98.0378 5.1 0.4
20241206130844.5 24.2957 98.0517 0.8 0.3
20241206162206.5 24.2688 98.0685 1 0
20241206210751.4 24.2922 98.0522 6.2 0.3
20241206022925.1 24.2305 98.1415 0 0.8
20241206065658.4 24.268 98.0602 18 1
20241206171738 24.2927 98.056 5.7 0
20241206180417.1 24.1478 98.1467 20.4 0.6
20241206190853.6 24.2637 98.0607 6.3 0.4
20241206005228.9 24.283 98.105 6.7 0.7
20241206193152.4 24.2785 98.0585 0.5 0
20241206205550.6 24.2013 98.0963 16.9 0.6
20241206145739.6 24.2657 98.1645 4.7 0.2
20241206164907.8 24.5478 98.1707 11.9 -0.1
20241206131748.3 24.2847 98.0488 6.2 0.3
20241206131425.7 24.2807 98.0473 1.8 0.3
20241206134248.2 24.287 98.0557 0.5 0.4
20241206183747.6 24.2788 98.0603 0.4 -0.2
20241206163024.9 24.2608 98.0608 2.7 0
20241206034312.6 24.2857 98.104 -0.1 0.9
20241206150100.3 24.2758 98.05 1.8 -0.1
20241206190834.9 24.2768 98.0675 3.3 0
20241206192121.6 24.2833 98.0608 0.5 -0.1
20241206090926.6 24.3217 98.0592 11 1.5
20241206092228 24.1765 98.1282 5.3 1.1
20241206185902 24.2505 98.0435 0.9 1.5
20241206200022.9 24.2627 98.0418 0.8 0.1
20241206023335.3 24.1963 98.0753 6.3 0.7
20241206080750.4 24.3267 98.0652 1 0.5
20241206094553.9 24.2972 98.0948 1.6 0.5
20241206104135 24.2642 98.0465 15.8 0.9
20241206104320.1 24.2967 98.2162 -0.6 0.8
20241206143405.9 24.3028 98.0408 4.8 0.2
20241206165004.3 24.2832 98.0863 1.1 -0.1
20241206193728.6 24.2987 98.0337 5.1 -0.2
20241206100353.6 24.2627 98.104 2.1 0.6
20241206105400 24.3652 98.1888 23.3 1.5
20241206125514.8 24.2937 98.1107 2.5 0.3
20241206193556.2 24.274 98.0508 1.3 0
20241206041349.3 24.399 98.1288 6.3 1.3
20241206131324.8 24.2847 98.0453 0.7 0.2
20241206134123.3 24.279 98.037 0.2 0.1
20241206190328.3 24.3402 98.0402 22.4 0.3
20241206194713.5 24.2885 98.0683 4.6 0.1
20241206020843.8 24.2317 98.2832 20.8 0.6
20241206043809.4 24.3218 98.138 -0.2 1
20241206060649.8 24.4197 98.2252 20.9 0.3
20241206060922 24.2837 98.1447 4.8 1
20241206070856.4 24.1788 98.0352 19 1.3
20241206084442.4 24.1255 98.122 12.7 1
20241206114103.5 24.2867 98.0768 -0.5 0.2
20241206141947.9 24.2755 98.1312 0.2 0
20241206145548.9 24.2873 98.0768 0.1 0.2
20241206235331.6 24.2712 98.0728 3.3 0.4
20241206011358.8 24.1953 98.1742 1.8 0.5
20241206021216.4 24.3253 98.065 10.7 1.5
20241206060833.8 24.2615 98.3085 18.7 1
20241206134910.2 24.2765 98.0582 0.1 0
20241206190348.7 24.2902 97.9788 2.6 0.1
20241206031659.4 24.3918 98.1765 31.5 1.2
20241206065637.7 24.1478 98.1328 32.7 1.4
20241206065721.6 24.1242 98.0888 18 1.3
20241206073228.8 24.3308 98.1767 25.7 1.1
20241206104023.2 24.0768 98.3018 38.4 1.8
20241206154230.2 24.2638 98.0652 0.4 -0.1
20241206234420.1 24.176 98.1377 13.9 1.9
20241206001639.1 24.4523 98.0917 8 0.8
20241206022158 24.2912 97.9608 9 1
20241206063110.5 24.3003 98.1188 0.8 1.1
20241206071942.6 24.265 98.2095 21.1 0.8
20241206072738.2 24.306 98.1653 6.6 1.2
20241206084514.3 24.1883 98.0122 14.9 1
20241206101655.3 24.1377 98.1805 21.1 2.1
20241206114412.3 24.1307 98.1257 14.1 1.1
20241206115204 24.2473 98.0295 35 0.6
20241206130606.9 24.1893 97.9778 7.4 0.5
20241206132457.9 24.2733 98.1237 0.9 0.4
20241206185938.1 24.2493 97.9847 12 0.6
20241206202258.3 24.2673 98.0487 -0.4 0.2
20241206073103.6 24.2983 98.1888 7.3 1.6
20241206091904 24.1888 97.9938 18.2 1
20241206111739 24.2203 98.0372 6.5 1.2
20241206190049.8 24.2527 97.9702 17 0
20241206134636.4 24.2652 98.1552 1.9 1.1
20241206194649.5 24.3022 98.1397 13.4 -0.2
20241206134810 24.2608 98.0558 7.2 0.9
20241206143925.9 24.3038 98.079 4.4 0.3
20241206190142.5 24.3108 98.0502 6.3 0
20241206191152.6 24.2572 98.0873 0.8 0.8
20241206192358.3 24.3192 98.0667 0.8 0.1
20241206195835.6 24.2857 97.8245 13.4 -0.1
20241206201313.8 24.275 98.0738 1.1 -0.3
20241206104547.5 24.2335 98.1297 1 0.5
20241206153533.8 24.2783 98.052 8.4 -0.1
20241206222518.1 24.2178 98.1262 15.6 0.6
20241206192023.1 24.2595 98.0572 7 1
20241207004929.6 24.2788 98.0747 4.9 1.2
20241207042633.1 24.2773 98.0917 5.9 1
20241207040227.2 24.29 98.1842 3.3 1.4
20241207020406.1 24.3017 98.093 3.8 0.6
20241207140728 24.2412 98.1585 3.8 0.9
20241207213005.4 24.2807 98.0702 5.5 0.6
20241207123912.2 24.3188 98.109 4.6 0.5
20241207152717.9 24.2908 98.0942 3.8 0.1
20241207002845.3 24.281 98.0685 1 0.4
20241207172713.6 24.2948 98.0957 1.5 0.2
20241207012248.8 24.2853 98.0865 0.8 0.4
20241207041056.4 24.2917 98.1022 2.3 0.4
20241207102739.5 24.2695 98.1057 1.4 0.6
20241207202439.2 24.4992 98.0613 34.8 0.5
20241207023218.6 24.295 98.0647 6.3 0.7
20241207140742.4 24.2573 98.015 11.4 1.7
20241207043847.2 24.0972 98.1478 14 0.5
20241207025130.2 24.3178 98.1357 4.6 0.4
20241207180459.9 24.2805 98.1048 2.3 0.1
20241207224117.5 24.2367 98.0637 0.7 0.2
20241207002515.4 24.0797 97.8793 19.3 0
20241207110024 24.3008 98.1707 3.8 0.3
20241207012439.8 24.299 98.114 4.1 0.9
20241207014208.4 24.226 97.8988 15.2 1.2
20241207024821.5 24.3863 97.869 11.9 1.2
20241207022703.2 24.0838 98.2708 30.3 1.9
20241207025449.3 24.2188 98.1077 12.2 1.2
20241207054222.8 24.3443 98.263 20.3 2.2
20241207231205.2 24.272 98.0692 1.7 0.1
20241207022833.9 24.2293 97.9733 34 0.9
20241207035824.2 24.2712 98.285 0.8 0.7
20241207032448.4 24.3852 98.0705 23.6 0.8
20241207043238.5 24.319 98.1453 4.1 1.3
20241207173617.9 24.2868 98.066 2.3 -0.3
20241207003145.4 24.377 98.1028 7.9 0
20241207012552.1 24.3035 98.2798 0.8 1.3
20241207032655.3 24.1308 98.0302 12.9 0.6
20241207204851.6 24.2868 98.0722 0.3 -0.1
20241207225559.7 24.2912 98.0672 0.6 0
20241207232721.3 24.3913 97.9912 6.3 0.6
20241207003546.8 24.2603 98.2308 18.8 1.7
20241207040333 24.3392 98.116 9.6 2.2
20241207045816.9 24.2043 98.1143 11.5 1.8
20241207060108.8 24.1325 97.931 6.4 1
20241207090907 24.3182 98.1603 11.8 1.1
20241207041932.2 24.316 98.1237 5.2 1.5
20241207060001.8 24.3198 98.1112 3.7 1.1
20241207065421.3 24.3342 98.0403 -0.4 0.7
20241207072827.3 24.1773 98.3905 10.9 0.6
20241207092144 24.2838 98.096 15.2 1.2
20241207134451.3 24.2953 98.0845 0.3 -0.2
20241207164824.2 24.3095 98.1047 2 -0.1
20241207003457.7 24.4858 98.1648 5.4 0.5
20241207004801.4 24.2563 98.3623 10.4 1.9
20241207023832.9 24.5775 98.1955 20.2 1
20241207032436.2 24.2992 98.1083 1.9 2.3
20241207040227.4 24.2912 98.1718 5.2 0.8
20241207073701.2 24.144 98.0802 7.9 0.9
20241207075808.7 24.372 97.8177 9.5 0.9
20241207145548.6 24.3012 98.0658 7.2 0
20241207111139.9 24.3325 98.211 22.4 0.7
20241207140333.4 24.272 98.1858 -0.5 -0.1
20241207015227.5 24.3107 98.0863 3.4 1.9
20241207063428.1 24.2682 98.1177 0.7 0.9
20241207065834.8 24.3497 98.1663 2.3 0.6
20241207182149.4 24.2883 98.1178 4 -0.2
20241208024815.7 24.2797 98.0835 4.2 2.1
20241208032016.9 24.2957 98.158 2.5 0.5
20241208024159.3 24.3292 98.0857 8.4 0.4
20241208014815.4 24.2952 98.094 0.9 0.4
20241208010410.9 24.3665 98.0535 0.6 0.6
20241208011643.4 24.3042 98.1052 0.8 0.1
20241208012436.8 24.286 97.9332 10.3 0.8
20241208112343.7 24.2803 98.1025 6.8 1.1
20241208142411 24.3508 98.1862 3.7 0.3
20241208154131 24.295 98.1107 7.1 0.9
20241208205816.1 24.2057 98.1033 8.7 2.9
20241208211208.4 24.2423 98.1417 7.1 2
20241208213030 24.2627 98.1093 5.6 1.6
20241208213325 24.2328 98.1258 5.9 1.3
20241208182116 24.3135 98.174 7.9 0.5
20241208183352.5 24.3537 98.1975 4 0.4
20241208193627.5 24.316 98.1362 1.2 -0.1
20241208210717.3 24.3177 98.1787 5.8 1
20241208143852.7 24.2908 98.0893 -0.1 0.4
20241208180635 24.3082 98.1338 0.4 0.1
20241208212738.4 24.259 98.134 7.5 2.3
20241208225919.3 24.271 98.1225 8.1 1.3
20241208195015 24.3427 98.157 0.6 0.3
20241208213956 24.326 98.1882 6.5 0.5
20241208223133.3 24.2585 98.174 5.6 0.8